TDRS 3                  
1 19548U 88091B   21089.86939116 -.00000305  00000-0  00000-0 0  9995
2 19548  14.0139 354.9329 0038832 327.8351 129.7450  1.00277005106293
FLTSATCOM 8 (USA 46)    
1 20253U 89077A   21089.91188968 -.00000085  00000-0  00000-0 0  9997
2 20253  12.9763   3.3439 0005068  41.9799 183.2919  1.00273076241514
SKYNET 4C               
1 20776U 90079A   21089.08943736  .00000121  00000-0  00000-0 0  9991
2 20776  13.9185   3.5308 0003483   5.9127 244.2875  1.00274804111788
TDRS 5                  
1 21639U 91054B   21089.76004686  .00000079  00000-0  00000-0 0  9993
2 21639  14.2544   8.2463 0027817   3.3470 282.6767  1.00271091108613
TDRS 6                  
1 22314U 93003B   21089.10952338 -.00000298  00000-0  00000-0 0  9998
2 22314  14.0893  11.4373 0007240  66.0786 103.6236  1.00278189103308
UFO 2 (USA 95)          
1 22787U 93056A   21089.73693233  .00000121  00000-0  00000-0 0  9999
2 22787  11.3605  13.6309 0003540 299.3466 169.3433  1.00270744 99458
USA 99 (MILSTAR-1 1)    
1 22988U 94009A   21089.55619534 -.00000197  00000-0  00000+0 0  9996
2 22988  14.6252  47.8775 0002947 348.5559 261.9467  1.00273451 12540
ASTRA 1D                
1 23331U 94070A   21089.80442352 -.00000273  00000-0  00000-0 0  9993
2 23331   9.4988  40.5154 0003713 336.8097  27.6643  1.00270236 97196
USA 107 (DSP 17)        
1 23435U 94084A   21089.49412208 -.00000171  00000-0  00000+0 0  9991
2 23435  14.5814   9.4253 0001843  59.5690 200.5029  1.00270122 12595
UFO 4 (USA 108)         
1 23467U 95003A   21089.64475564 -.00000026  00000-0  00000-0 0  9999
2 23467   9.8398  19.6232 0005960  39.8976 173.2295  1.00277593 95856
AMSC 1                  
1 23553U 95019A   21089.83313260 -.00000103  00000-0  00000-0 0  9993
2 23553  11.5361  29.1926 0011240 354.4281 358.2454  1.00273117 95075
TDRS 7                  
1 23613U 95035B   21089.51949074 -.00000206  00000-0  00000-0 0  9995
2 23613  14.1277   2.1141 0030271  35.1432  62.7183  1.00269835 94159
USA 113                 
1 23628U 95038A   21089.84475352 -.00000343  00000-0  00000-0 0  9995
2 23628  11.6932  28.0294 0001687 320.7491 247.4726  1.00271992 13870
USA 115 (MILSTAR-1 2)   
1 23712U 95060A   21089.44354963 -.00000022  00000-0  00000-0 0  9998
2 23712  13.3442  17.6541 0002332 357.4034 212.6415  1.00273034 13773
INMARSAT 3-F1           
1 23839U 96020A   21089.61049810  .00000129  00000-0  00000-0 0  9993
2 23839   6.6410  60.7624 0006380 331.3032  50.2357  0.99988479 91219
INMARSAT 3-F2           
1 24307U 96053A   21089.43864434 -.00000182  00000-0  00000-0 0  9997
2 24307   5.5288  70.0919 0009039 324.6106 227.0657  0.99982559 89872
AMC-1 (GE-1)            
1 24315U 96054A   21089.64931809  .00000060  00000-0  00000-0 0  9995
2 24315   4.5857  76.6634 0003515 299.7062 274.7207  1.00272190 27221
INMARSAT 3-F3           
1 24674U 96070A   21089.72340951 -.00000199  00000-0  00000-0 0  9996
2 24674   6.1962  64.5487 0006199 315.2680 226.3451  1.00006929 88863
INTELSAT 26 (IS-26)     
1 24732U 97007A   21089.47277497  .00000000  00000-0  00000-0 0  9998
2 24732   9.4431  41.3040 0007647 353.2591  27.3269  1.00272338 53648
USA 130 (DSP 18)        
1 24737U 97008A   21089.72381791  .00000027  00000-0  00000-0 0  9994
2 24737  13.7024  17.4033 0001468 250.8476 189.4491  1.00259644 13800
GALAXY 25 (G-25)        
1 24812U 97026A   21089.82562184  .00000147  00000-0  00000-0 0  9999
2 24812   2.6058  87.8870 0003663 327.5962 103.0204  1.00272186 87282
INTELSAT 5 (IS-5)       
1 24916U 97046A   21089.57638887  .00000084  00000-0  00000-0 0  9992
2 24916   6.2970  63.9035 0003433 321.2810 233.4813  1.00271783 86528
AMC-3 (GE-3)            
1 24936U 97050A   21089.80442352 -.00000267  00000-0  00000-0 0  9999
2 24936   3.4757  83.3943 0003502 299.0525  23.5403  1.00271698 33337
NSS-5                   
1 24957U 97053A   21089.60101648  .00000099  00000-0  00000-0 0  9995
2 24957   6.5435  62.1402 0003831 306.5756  86.3502  1.00268574 86072
USA 134                 
1 25019U 97065A   21089.49382203 -.00000064  00000-0  00000-0 0  9996
2 25019  10.5474  34.2499 0007849 333.7046 245.6959  1.00269732 13852
ASTRA 1G                
1 25071U 97076A   21089.67932722  .00000110  00000-0  00000-0 0  9994
2 25071   5.2464  71.4258 0003989 299.1762  81.6345  1.00269028 85424
INMARSAT 3-F5           
1 25153U 98006B   21089.80826191 -.00000295  00000-0  00000-0 0  9991
2 25153   5.4268  68.6482 0005269 305.4082  51.3486  1.00272572 84792
UFO 8 (USA 138)         
1 25258U 98016A   21089.64475564 -.00000028  00000-0  00000-0 0  9998
2 25258   8.9610  31.6450 0004688 352.2267 208.2567  1.00276299 84750
ASTRA 2A                
1 25462U 98050A   21089.87827267  .00000141  00000-0  00000-0 0  9994
2 25462   2.3118  90.1678 0002438 279.7840 162.6363  1.00269468 27249
JCSAT-4A                
1 25630U 99006A   21089.84612229 -.00000315  00000-0  00000-0 0  9994
2 25630   5.2324  72.0988 0003404 230.4694 326.4494  1.00273883 31511
SKYNET 4E               
1 25639U 99009B   21089.05814096 -.00000038  00000-0  00000-0 0  9997
2 25639  11.0255  19.3703 0002953 351.9147 196.0523  1.00270898 32289
ASIASAT 3S              
1 25657U 99013A   21089.27422605 -.00000231  00000-0  00000-0 0  9992
2 25657   5.4128  70.6139 0004285 311.3781  52.0996  1.00270209 80725
NIMIQ 1                 
1 25740U 99027A   21089.58642101 -.00000206  00000-0  00000-0 0  9991
2 25740   1.7816  91.5100 0006186 288.6519 292.6068  1.00270692 79959
ABS-7                   
1 25894U 99046A   21089.87827267  .00000147  00000-0  00000-0 0  9995
2 25894   1.6623  92.1494 0004432 257.8927 187.9685  1.00270406 78032
ABS-6                   
1 25924U 99053A   21089.85074580 -.00000129  00000-0  00000-0 0  9998
2 25924   0.0320  69.6589 0002249 339.9601 244.0782  1.00271267 78750
AMC-4 (GE-4)            
1 25954U 99060A   21089.72032810  .00000079  00000-0  00000-0 0  9998
2 25954   0.4185  96.4961 0003188 276.5427 299.6854  1.00272349 24459
UFO 10 (USA 146)        
1 25967U 99063A   21089.17966098 -.00000192  00000-0  00000-0 0  9995
2 25967   8.1889  34.8145 0004702   6.6384 188.0550  1.00268571 78248
GALAXY 11 (G-11)        
1 26038U 99071A   21089.82757824 -.00000170  00000-0  00000-0 0  9997
2 26038   1.8959  93.6465 0001011 184.1660 115.4427  1.00270923 77984
USA 148                 
1 26052U 00001A   21089.63963488  .00000037  00000-0  00000-0 0  9993
2 26052   8.8501  44.9860 0002785 344.3940 209.5367  1.00274219 13865
ASIASTAR                
1 26107U 00016A   21089.91021868 -.00000340  00000-0  00000-0 0  9996
2 26107   4.6580  75.2793 0004572 307.6112 238.3076  1.00270560 76825
USA 149 (DSP 20)        
1 26356U 00024A   21089.49903296  .00000095  00000-0  00000-0 0  9994
2 26356  11.7597  24.4460 0000620 100.2706  77.8695  1.00284769 13810
EUTELSAT 80A            
1 26369U 00028A   21089.68508479  .00000114  00000-0  00000-0 0  9999
2 26369   4.0491  79.1051 0004978 295.6902 108.3538  1.00271394 76345
TDRS 8                  
1 26388U 00034A   21089.83678803 -.00000238  00000-0  00000-0 0  9991
2 26388   9.6759  45.5758 0023013 329.2310 203.9644  1.00278139 76088
INTELSAT 9 (IS-9)       
1 26451U 00043A   21089.80904701 -.00000292  00000-0  00000-0 0  9998
2 26451   6.2851  64.0892 0003048 320.1427  45.4421  1.00272113 25054
BRASILSAT B4            
1 26469U 00046A   21089.80547035 -.00000278  00000-0  00000-0 0  9997
2 26469   4.6313  76.3769 0002526 296.3883  37.5120  1.00271016 75860
ASTRA 2B                
1 26494U 00054A   21089.67941446  .00000111  00000-0  00000-0 0  9998
2 26494   5.1485  72.0201 0005335 300.5974  79.8280  1.00269804 27795
NSS-11 (AAP-1)          
1 26554U 00059A   21089.85414799  .00000016  00000-0  00000-0 0  9990
2 26554   0.0338  69.1918 0003116 301.2664 301.4656  1.00271273 22209
USA 153                 
1 26575U 00065A   21089.77406542 -.00000329  00000-0  00000-0 0  9996
2 26575   8.3637  48.2911 0002687 346.1580 207.0241  1.00274724 13837
AMC-6 (GE-6)            
1 26580U 00067A   21089.71954299  .00000096  00000-0  00000-0 0  9995
2 26580   0.0363  71.8299 0002870 296.9162 299.5970  1.00270084 74827
INTELSAT 12 (IS-12)     
1 26590U 00068A   21089.68831253  .00000005  00000-0  00000-0 0  9997
2 26590   3.6054  83.6842 0005303 324.1528  92.4859  1.00272562 32613
INTELSAT 1R (IS-1R)     
1 26608U 00072A   21089.85039684 -.00000145  00000-0  00000-0 0  9995
2 26608   3.3887  83.6873 0000662 170.7866  37.2153  1.00272161 22226
ANIK F1                 
1 26624U 00076A   21089.83313260 -.00000070  00000-0  00000-0 0  9997
2 26624   0.3328  98.7198 0007024 312.7715 327.6369  1.00271813 24048
ASTRA 2D                
1 26638U 00081A   21089.54332646  .00000057  00000-0  00000+0 0  9998
2 26638   6.3720  63.0822 0001775 298.9297  79.0201  1.00276100 74290
AMC-8 (GE-8)            
1 26639U 00081B   21089.72032810  .00000080  00000-0  00000-0 0  9996
2 26639   1.3486  93.0967 0002721 286.9455 292.5823  1.00273129 74237
USA 157 (MILSTAR-2 2)   
1 26715U 01009A   21089.12121080  .00000063  00000-0  00000-0 0  9995
2 26715   9.5959  29.2094 0003860 334.8212  89.2729  1.00434728 13859
EUTELSAT 133 WEST A     
1 26719U 01011A   21089.72058983  .00000070  00000-0  00000-0 0  9997
2 26719   2.6390  86.6738 0005252 289.4280 298.7872  1.00273818 73443
INTELSAT 10 (IS-10)     
1 26766U 01019A   21089.85854951 -.00000254  00000-0  00000-0 0  9995
2 26766   4.5439  76.9103 0004886 314.6259 189.8409  1.00635153 26524
INTELSAT 901 (IS-901)   
1 26824U 01024A   21089.81358329 -.00000211  00000-0  00000-0 0  9993
2 26824   0.0160 142.8859 0001077 237.7111  73.2023  1.00270653  3874
ASTRA 2C                
1 26853U 01025A   21089.82378990  .00000129  00000-0  00000-0 0  9990
2 26853   3.5018  83.1739 0003181 279.2601 146.2857  1.00269681 25951
USA 159 (DSP 21)        
1 26880U 01033A   21089.73742634 -.00000301  00000-0  00000-0 0  9992
2 26880  11.0293  28.5171 0001145 346.9356  29.0991  1.00265068 13870
INTELSAT 902 (IS-902)   
1 26900U 01039A   21089.81577139 -.00000290  00000-0  00000-0 0  9993
2 26900   1.3076  93.6959 0002923 286.8599  51.4374  1.00272643 71591
USA 164 (MILSTAR-2 3)   
1 27168U 02001A   21089.66907990  .00000096  00000-0  00000-0 0  9998
2 27168   9.0548  30.7764 0002185 335.9279  81.4273  1.00275883 13860
ECHOSTAR 7              
1 27378U 02006A   21089.65176069 -.00000009  00000-0  00000-0 0  9995
2 27378   0.0164 119.8464 0001443 252.5461 291.6597  1.00271328 31502
INTELSAT 904 (IS-904)   
1 27380U 02007A   21089.81305987 -.00000221  00000-0  00000-0 0  9996
2 27380   2.1442  90.4677 0003557 287.7700  73.3680  1.00271874 32674
TDRS 9                  
1 27389U 02011A   21089.80669167 -.00000291  00000-0  00000-0 0  9999
2 27389   8.0872  64.8151 0027531 289.0045  62.6626  1.00267553 71349
JCSAT-2A                
1 27399U 02015A   21089.78575503 -.00000085  00000-0  00000-0 0  9992
2 27399   3.5778  83.0277 0008780 355.5983 225.6963  0.99028524 69793
ASTRA 3A                
1 27400U 02015B   21089.44276581 -.00000208  00000-0  00000-0 0  9999
2 27400   6.4893  61.8890 0001821 314.4393 244.3279  1.00270370 69620
NSS-7                   
1 27414U 02019A   21089.81506630 -.00000164  00000-0  00000-0 0  9991
2 27414   4.8800  74.7105 0002535 299.8577  87.2590  1.00271574 69470
DIRECTV 5 (TEMPO 1)     
1 27426U 02023A   21089.83313260 -.00000064  00000-0  00000-0 0  9995
2 27426   0.0287 112.2318 0003387 263.9198   2.0767  1.00272055 69062
INTELSAT 905 (IS-905)   
1 27438U 02027A   21089.81419394 -.00000192  00000-0  00000-0 0  9997
2 27438   1.9654  91.2889 0002872 276.9445  88.7831  1.00272043 32272
GALAXY 3C (G-3C)        
1 27445U 02030A   21089.67679632 -.00000160  00000-0  00000-0 0  9991
2 27445   0.0217 276.2463 0001858  67.1184 353.5139  1.00273064 27408
EUTELSAT 5 WEST A       
1 27460U 02035A   21089.81803233 -.00000050  00000-0  00000-0 0  9993
2 27460   1.2402  94.0273 0006210 275.3401 108.5257  1.00271092 68527
METEOSAT-8 (MSG-1)      
1 27509U 02040B   21089.54018597  .00000131  00000-0  00000-0 0  9993
2 27509   7.2323  52.8339 0001753 329.2647  42.1344  1.00279702 68168
INTELSAT 906 (IS-906)   
1 27513U 02041A   21089.76002043  .00000006  00000-0  00000-0 0  9993
2 27513   0.9726  95.6091 0003217 281.2820 149.2057  1.00272543 67937
HISPASAT 30W-4          
1 27528U 02044A   21089.71875786  .00000110  00000-0  00000-0 0  9995
2 27528   1.7573  91.2813 0005960 295.0029 277.7567  1.00270069 23876
TDRS 10                 
1 27566U 02055A   21089.76486163  .00000086  00000-0  00000-0 0  9993
2 27566   7.4083  52.2659 0011235 306.3244 294.0635  1.00277841 67139
NSS-6                   
1 27603U 02057A   21088.62112269  .00000100  00000-0  00000+0 0  9990
2 27603   0.5049  96.4832 0004359 267.9555 236.9559  1.00266805 66920
NIMIQ 2                 
1 27632U 02062A   21088.86779406 -.00000181  00000-0  00000-0 0  9997
2 27632   4.9921  73.8712 0010817 323.5824  11.3138  1.00271173 25072
USA 167                 
1 27691U 03008A   21089.57769740  .00000050  00000-0  00000-0 0  9996
2 27691   7.1865  57.2728 0004395 349.9070 218.8750  1.00273591 13854
USA 169 (MILSTAR-2 4)   
1 27711U 03012A   21089.89580271 -.00000199  00000-0  00000-0 0  9994
2 27711   9.4728  43.0170 0002724 330.5480 289.5538  1.00272876 13853
GALAXY 12 (G-12)        
1 27715U 03013B   21089.72154941  .00000051  00000-0  00000-0 0  9998
2 27715   2.1792  89.9362 0002187 294.3592 294.7704  1.00272365 32996
ASIASAT 4               
1 27718U 03014A   21089.82666866  .00000145  00000-0  00000-0 0  9991
2 27718   0.0162 245.4417 0002219 128.1756 150.5891  1.00264475 26205
HELLAS-SAT 2            
1 27811U 03020A   21089.65949409 -.00000157  00000-0  00000-0 0  9994
2 27811   2.5973  89.2081 0003255 289.9971 311.2584  1.00270166 23748
THURAYA-2               
1 27825U 03026A   21089.54070939  .00000122  00000-0  00000-0 0  9997
2 27825   6.2163  33.7054 0004928 330.6035  62.4654  1.00271571 65258
OPTUS C1                
1 27831U 03028B   21089.89550175 -.00000159  00000-0  00000-0 0  9990
2 27831   2.1064  91.2076 0005697 285.3063 290.0008  1.00269257 33967
GALAXY 23 (G-23)        
1 27854U 03034A   21089.65132451  .00000005  00000-0  00000-0 0  9998
2 27854   0.0166 236.1786 0002944 136.1571 289.3876  1.00270759 64641
USA 170                 
1 27875U 03040A   21089.81053003 -.00000278  00000-0  00000-0 0  9994
2 27875   6.4656  62.7149 0002444 335.5494  39.5073  1.00268594 13875
GALAXY 13 (HORIZONS 1)  
1 27954U 03044A   21089.65019044  .00000040  00000-0  00000-0 0  9991
2 27954   0.0273 260.1270 0001264 319.6803  75.4765  1.00269290 27475
YAMAL 202               
1 28089U 03053A   21089.73418542 -.00000087  00000-0  00000-0 0  9998
2 28089   1.5370  92.5482 0004536 298.2642 225.3156  1.00272601 63581
UFO 11 (USA 174)        
1 28117U 03057A   21089.59634245 -.00000103  00000-0  00000-0 0  9997
2 28117   6.3994  37.7604 0006232 347.8313  92.3219  1.00271129 63357
USA 176 (DSP 22)        
1 28158U 04004A   21089.86507590 -.00000223  00000-0  00000-0 0  9990
2 28158   9.5259  37.6741 0000966  38.5461 150.9711  1.00274832 13838
ABS-4 (MOBISAT-1)       
1 28184U 04007A   21089.75940979  .00000032  00000-0  00000-0 0  9999
2 28184   1.2216  93.8170 0005461 283.9371 145.0097  1.00274770 33240
EUTELSAT 7A             
1 28187U 04008A   21089.71945574  .00000097  00000-0  00000-0 0  9996
2 28187   1.0142  91.0430 0004370 295.8180 281.2329  1.00271622 62253
AMC-11 (GE-11)          
1 28252U 04017A   21089.62965785  .00000061  00000-0  00000-0 0  9996
2 28252   0.0396  58.5172 0002762 325.4904 259.8854  1.00272385 61782
INTELSAT 10-02          
1 28358U 04022A   21089.69951389 -.00000020  00000-0  00000-0 0  9997
2 28358   0.0007 191.2139 0001846 207.5905  40.3033  1.00270187 61497
ANIK F2                 
1 28378U 04027A   21089.83313260 -.00000058  00000-0  00000-0 0  9991
2 28378   0.0183 263.9002 0000202 185.1458 288.2370  1.00271541 22173
AMC-15                  
1 28446U 04041A   21089.83313260 -.00000097  00000-0  00000-0 0  9996
2 28446   0.0427  42.6415 0002999 339.2050   1.4458  1.00271041 60220
AMC-16                  
1 28472U 04048A   21089.58676994 -.00000214  00000-0  00000-0 0  9991
2 28472   0.0410  67.5446 0002859 308.7626 298.1200  1.00271929 59599
NSS-10 (AMC-12)         
1 28526U 05003A   21089.81157687 -.00000258  00000-0  00000-0 0  9990
2 28526   1.6985  91.8358 0003108 275.8023  75.4765  1.00272012 34058
XTAR-EUR                
1 28542U 05005A   21089.39729393  .00000143  00000-0  00000-0 0  9994
2 28542   0.0188 121.6367 0002905 253.4036 344.9623  1.00271848 59090
XM-3 (RHYTHM)           
1 28626U 05008A   21089.80952483 -.00000214  00000-0  00000-0 0  9994
2 28626   0.0200 212.6789 0002314 220.2164 321.8087  1.00272035 23521
INMARSAT 4-F1           
1 28628U 05009A   21089.84760529 -.00000268  00000-0  00000-0 0  9998
2 28628   3.3236  30.1914 0003137 352.2542 254.6275  1.00271835 58573
DIRECTV 8               
1 28659U 05019A   21089.65176069 -.00000007  00000-0  00000-0 0  9993
2 28659   0.0121 224.0625 0003143 157.9318 281.8360  1.00272642 58018
GALAXY 28 (G-28)        
1 28702U 05022A   21089.58598483 -.00000193  00000-0  00000-0 0  9992
2 28702   0.0228 128.5539 0002367 225.9968 315.5736  1.00270999 32883
EXPRESS-AM3             
1 28707U 05023A   21089.89535770  .00000127  00000-0  00000-0 0  9998
2 28707   2.4888  87.9240 0001848 172.5217 273.3752  1.00274077 57742
THAICOM 4               
1 28786U 05028A   21089.84840986 -.00000371  00000-0  00000-0 0  9995
2 28786   0.0266 199.0764 0002632 168.2665 246.0373  1.00269077 33160
GALAXY 14 (G-14)        
1 28790U 05030A   21089.58659546 -.00000237  00000-0  00000-0 0  9995
2 28790   0.1618  93.0126 0004098 258.5757 321.8145  1.00528511 57206
ANIK F1R                
1 28868U 05036A   21089.83313260 -.00000083  00000-0  00000+0 0  9993
2 28868   0.0326  65.1441 0003127 310.9599   4.9355  1.00271398 57060
GALAXY 15 (G-15)        
1 28884U 05041A   21089.72058983  .00000070  00000-0  00000-0 0  9999
2 28884   0.0227 140.8533 0002027 251.6632 282.2079  1.00273508 56549
SYRACUSE 3A             
1 28885U 05041B   21089.82841338  .00000120  00000-0  00000-0 0  9991
2 28885   0.0306 116.6691 0003361 270.6636 146.3190  1.00274600 56651
INMARSAT 4-F2           
1 28899U 05044A   21089.76002043  .00000003  00000-0  00000-0 0  9994
2 28899   3.1925  32.8568 0002976 348.2542 144.7399  1.00271874 56426
TELKOM 2                
1 28902U 05046A   21089.85030962 -.00000147  00000-0  00000-0 0  9992
2 28902   0.0108 103.4268 0001063 349.8366 198.2712  1.00272456 56340
SPACEWAY 2              
1 28903U 05046B   21089.71954299  .00000096  00000-0  00000-0 0  9998
2 28903   0.8634  92.0450 0000729 339.3372 237.0542  1.00272406 32249
METEOSAT-9 (MSG-2)      
1 28912U 05049B   21089.74789465  .00000011  00000-0  00000-0 0  9992
2 28912   5.0398  68.8192 0000981 296.8703  95.2066  1.00273191 55941
EUTELSAT 174A           
1 28924U 05052A   21089.85371181  .00000001  00000-0  00000-0 0  9992
2 28924   0.0582   4.6009 0006187  10.9638 294.2083  1.00272928 33230
ECHOSTAR 10             
1 28935U 06003A   21089.83313260 -.00000064  00000-0  00000-0 0  9993
2 28935   0.0285  74.9671 0001666 321.6236 341.5586  1.00271559 55372
SPAINSAT                
1 28945U 06007A   21089.56061496 -.00000224  00000-0  00000-0 0  9997
2 28945   0.0328 237.3771 0003229 116.4026   6.2104  1.00270917 55111
EUTELSAT HOT BIRD 13E   
1 28946U 06007B   21089.82160898  .00000078  00000-0  00000+0 0  9998
2 28946   0.0663 243.5433 0002300 165.7544  87.8731  1.00271119 55205
JCSAT-5A                
1 29045U 06010A   21089.84533715 -.00000337  00000-0  00000-0 0  9997
2 29045   0.0264 130.9032 0002421 257.2101 236.6879  1.00270720 54660
ASTRA 1KR               
1 29055U 06012A   21089.82283029  .00000111  00000-0  00000-0 0  9997
2 29055   0.0214 245.3317 0001977  67.4608 190.9910  1.00270407 26637
EWS-G1 (GOES 13)        
1 29155U 06018A   21089.75949701  .00000027  00000-0  00000-0 0  9998
2 29155   0.3126 274.6008 0002392 321.6742 287.0392  1.00271088 24277
EUTELSAT 113 WEST A     
1 29162U 06020A   21089.83313260 -.00000046  00000-0  00000-0 0  9995
2 29162   0.0274 100.0318 0002963 271.7901   3.5169  1.00271751 54383
GALAXY 16 (G-16)        
1 29236U 06023A   21089.82757824 -.00000136  00000-0  00000+0 0  9996
2 29236   0.0277 264.8244 0002804 129.7697 352.7371  1.00271349 54177
EUTELSAT HOT BIRD 13B   
1 29270U 06032A   21089.82160898  .00000078  00000-0  00000-0 0  9998
2 29270   0.0926 325.1153 0004785  35.6447 136.4082  1.00271266 28214
JCSAT-3A                
1 29272U 06033A   21089.87132532 -.00000354  00000-0  00000-0 0  9998
2 29272   0.0257 127.6231 0002121 242.0074 260.5160  1.00270749 28645
SYRACUSE 3B             
1 29273U 06033B   21089.81803233 -.00000053  00000-0  00000+0 0  9991
2 29273   0.0162 170.7297 0004324 216.2015  90.7468  1.00271441 53650
KOREASAT 5 (MUGUNGWHA 5)
1 29349U 06034A   21089.85396435 -.00000367  00000-0  00000-0 0  9990
2 29349   0.0133 220.8217 0002047 207.7793 180.3246  1.00270094 22221
DIRECTV 9S              
1 29494U 06043A   21089.83313260 -.00000122  00000-0  00000+0 0  9992
2 29494   0.0218 155.4121 0003099 219.6229  12.1099  1.00271986 53017
OPTUS D1                
1 29495U 06043B   21089.85092025 -.00000120  00000-0  00000-0 0  9997
2 29495   0.0348 277.4829 0003601  96.7676 280.5172  1.00269485 53026
XM-4 (BLUES)            
1 29520U 06049A   21089.83313260 -.00000031  00000-0  00000+0 0  9997
2 29520   0.0245 198.7373 0000227 165.2224   9.1546  1.00269934 52907
BADR-4                  
1 29526U 06051A   21089.87827267  .00000136  00000-0  00000-0 0  9993
2 29526   0.0658 324.2943 0005036  36.5520 169.8036  1.00275478 32188
WILDBLUE-1              
1 29643U 06054A   21089.83313260 -.00000058  00000-0  00000+0 0  9998
2 29643   0.0199 164.4938 0001781 213.0865 359.5853  1.00272056 52459
AMC-18                  
1 29644U 06054B   21089.80241709 -.00000224  00000-0  00000-0 0  9990
2 29644   0.0255  97.0577 0002665 278.1331  19.0755  1.00272124 52461
MEASAT-3                
1 29648U 06056A   21089.86507590 -.00000250  00000-0  00000-0 0  9994
2 29648   0.0374 138.2827 0002495 299.4666 153.6319  1.00267765 31374
INSAT-4B                
1 30793U 07007A   21089.86507590 -.00000196  00000-0  00000-0 0  9993
2 30793   1.1314  94.4500 0005002 227.6539 263.2566  1.00270122 23119
SKYNET 5A               
1 30794U 07007B   21089.85952140 -.00000279  00000-0  00000-0 0  9990
2 30794   1.2509  90.8211 0003531 288.0961 214.1418  1.00269854 51607
ANIK F3                 
1 31102U 07009A   21089.65184792 -.00000009  00000-0  00000-0 0  9995
2 31102   0.0186 216.0161 0002511 152.9305 295.2470  1.00270515 27464
ASTRA 1L                
1 31306U 07016A   21089.82283029  .00000111  00000-0  00000-0 0  9994
2 31306   0.0480 328.9611 0004206  11.1783 163.6732  1.00270656 25945
GALAXY 17 (G-17)        
1 31307U 07016B   21089.58554865 -.00000182  00000-0  00000-0 0  9996
2 31307   0.0228 197.7445 0003412 175.2851 294.9558  1.00270145 50753
ZHONGXING-6B            
1 31800U 07031A   21089.89700723 -.00000371  00000-0  00000-0 0  9991
2 31800   0.0097 224.2142 0004054 140.0635 262.6410  1.00272516 50335
DIRECTV 10              
1 31862U 07032A   21089.83313260 -.00000112  00000-0  00000+0 0  9992
2 31862   0.0247 331.9750 0000160  90.7539 322.8207  1.00271807 50312
SPACEWAY 3              
1 32018U 07036A   21089.82757824 -.00000160  00000-0  00000-0 0  9991
2 32018   0.0142  76.0189 0000122 344.4176 330.9535  1.00271105 27451
BSAT-3A                 
1 32019U 07036B   21089.90535356 -.00000359  00000-0  00000-0 0  9995
2 32019   0.0344 206.1514 0000595  80.2369 337.8781  1.00271306 31421
OPTUS D2                
1 32252U 07044A   21089.84935001 -.00000193  00000-0  00000-0 0  9993
2 32252   0.0284 274.8759 0003646  99.2127 272.1048  1.00270424 49479
INTELSAT 11 (IS-11)     
1 32253U 07044B   21089.81044279 -.00000277  00000-0  00000-0 0  9992
2 32253   0.0109 238.2868 0002185 152.4659  46.4134  1.00269695 49465
WGS F1 (USA 195)        
1 32258U 07046A   21089.82021321  .00000032  00000-0  00000-0 0  9991
2 32258   0.0054 222.7709 0000880 157.4682 109.4222  1.00270494 33282
STAR ONE C1             
1 32293U 07056A   21089.82132851 -.00000285  00000-0  00000-0 0  9993
2 32293   0.0405 276.3886 0002817  98.6169  44.0751  1.00270706 32679
SKYNET 5B               
1 32294U 07056B   21089.87827267  .00000133  00000-0  00000-0 0  9992
2 32294   0.4320  87.2190 0004124 285.9811 156.5389  1.00274407 49109
ASTRA 4A (SIRIUS 4)     
1 32299U 07057A   21089.82003875  .00000023  00000-0  00000-0 0  9992
2 32299   0.0386  69.5663 0002640 307.3048 111.5483  1.00270663 32582
HORIZONS 2              
1 32388U 07063B   21089.86507590 -.00000191  00000-0  00000-0 0  9992
2 32388   0.0140 261.8201 0003314 118.8825 204.0162  1.00270483 48737
THURAYA-3               
1 32404U 08001A   21089.83862000 -.00000309  00000-0  00000-0 0  9992
2 32404   3.8235  15.2870 0004763 354.5843 218.9579  1.00270394 48392
EXPRESS-AM33            
1 32478U 08003A   21089.85952140 -.00000289  00000-0  00000-0 0  9999
2 32478   0.0351 312.1257 0000254  97.4695 184.7550  1.00270090 34643
THOR 5                  
1 32487U 08006A   21089.81890468 -.00000018  00000-0  00000-0 0  9992
2 32487   0.0108 216.0938 0002529 161.3010 105.0598  1.00271299 48218
AMC-14                  
1 32708U 08011A   21089.53556247  .00000080  00000-0  00000+0 0  9994
2 32708  21.4092  43.7531 0045162 358.7099 356.4655  1.00270096 48991
DIRECTV 11              
1 32729U 08013A   21089.82757824 -.00000134  00000-0  00000-0 0  9997
2 32729   0.0261  52.9017 0000157 315.6370  18.6055  1.00270767 26492
ICO G1                  
1 32763U 08016A   21089.82757824 -.00000178  00000-0  00000-0 0  9996
2 32763   3.7283  18.4809 0002081 355.7630  19.2418  1.00271621 47451
VINASAT-1               
1 32767U 08018A   21089.87132532 -.00000338  00000-0  00000-0 0  9998
2 32767   0.0184 197.2965 0002230 207.4533 229.3328  1.00269678 47504
STAR ONE C2             
1 32768U 08018B   21089.51787594 -.00000274  00000-0  00000+0 0  9992
2 32768   0.0170 160.7960 0002083 249.1620 254.6014  1.00271925 47440
TIANLIAN 1-01           
1 32779U 08019A   21089.90669837 -.00000144  00000-0  00000-0 0  9994
2 32779   4.7469  71.2163 0034010 267.6446 255.9435  1.00270424 47377
AMOS-3                  
1 32794U 08022A   21089.81820678 -.00000044  00000-0  00000-0 0  9996
2 32794   0.0205 245.6815 0002313 120.3013 112.8310  1.00271767 63268
GALAXY 18 (G-18)        
1 32951U 08024A   21089.83313260  .00000016  00000-0  00000+0 0  9996
2 32951   0.0219 205.7937 0003105 172.2776 347.2668  1.00270772 46998
CHINASAT 9 (ZX 9)       
1 33051U 08028A   21089.86507590 -.00000256  00000-0  00000-0 0  9994
2 33051   0.0234 251.9247 0004331 133.1892 206.9715  1.00269097 46948
SKYNET 5C               
1 33055U 08030A   21089.81550248 -.00000149  00000-0  00000-0 0  9995
2 33055   0.0649   0.0008 0003425  35.4045  68.7265  1.00271631 46869
TURKSAT 3A              
1 33056U 08030B   21089.82745378  .00000137  00000-0  00000-0 0  9993
2 33056   0.0620  85.1508 0004667 301.3976 141.7234  1.00270324 33261
INTELSAT 25 (IS-25)     
1 33153U 08034A   21089.81279816 -.00000233  00000-0  00000+0 0  9990
2 33153   0.0210 233.6698 0003182 135.8578  79.9798  1.00273004 46543
BADR-6                  
1 33154U 08034B   21089.87827267  .00000135  00000-0  00000-0 0  9997
2 33154   0.0690  47.0698 0006291 350.2360 133.3152  1.00270954 46662
ECHOSTAR 11             
1 33207U 08035A   21089.83313260 -.00000065  00000-0  00000-0 0  9999
2 33207   0.0157 141.1395 0002628 235.6025   1.6075  1.00270920 32134
SUPERBIRD-C2            
1 33274U 08038A   21089.84777976 -.00000260  00000-0  00000-0 0  9992
2 33274   0.0307 124.9683 0002082 261.6562 250.9716  1.00271163 86638
AMC-21                  
1 33275U 08038B   21089.65053937  .00000028  00000-0  00000-0 0  9997
2 33275   0.0346  75.7433 0002659 305.2366 276.5585  1.00272067 46396
INMARSAT 4-F3           
1 33278U 08039A   21089.83868718 -.00000147  00000-0  00000-0 0  9995
2 33278   3.1901  15.2060 0002631   2.4869  14.6592  1.00272693 27460
NIMIQ 4                 
1 33373U 08044A   21089.80952483 -.00000229  00000-0  00000+0 0  9997
2 33373   0.0002 188.2329 0002596 176.5452  33.0551  1.00272397 45746
GALAXY 19 (G-19)        
1 33376U 08045A   21089.82757824 -.00000148  00000-0  00000-0 0  9996
2 33376   0.0024 214.9775 0003146 152.9553  21.4130  1.00271358 45815
ASTRA 1M                
1 33436U 08057A   21089.82283029  .00000111  00000-0  00000-0 0  9996
2 33436   0.0493 108.7516 0002369 311.9158  83.1355  1.00270634 26649
CIEL-2                  
1 33453U 08063A   21089.84424429  .00000049  00000-0  00000-0 0  9995
2 33453   0.0108 179.7034 0003010 198.6230 345.1780  1.00272393 45041
EUTELSAT HOT BIRD 13C   
1 33459U 08065A   21089.82160898  .00000078  00000-0  00000-0 0  9990
2 33459   0.0545 330.9415 0004912  66.5562  99.6653  1.00271511 28254
EUTELSAT 48D            
1 33460U 08065B   21089.81654931 -.00000109  00000-0  00000-0 0  9993
2 33460   0.3591  98.6924 0003651 266.9773 104.1919  1.00270501 44862
FENGYUN 2E              
1 33463U 08066A   21089.90921209 -.00000210  00000-0  00000-0 0  9995
2 33463   4.9395  67.5095 0003688 328.8694 206.0096  1.00276745 44999
EXPRESS-AM44            
1 33595U 09007A   21089.88864054 -.00000098  00000-0  00000-0 0  9992
2 33595   0.0228 301.2837 0000699 206.4823 349.6210  1.00272172 44467
NSS-9                   
1 33749U 09008A   21089.85554376  .00000062  00000-0  00000-0 0  9994
2 33749   0.0376  66.5750 0002259 308.1038 304.8311  1.00270057 44431
EUTELSAT 33E            
1 33750U 09008B   21089.87827267  .00000146  00000-0  00000-0 0  9993
2 33750   0.0581   6.3215 0004128   0.5805 170.8418  1.00270415 44359
TELSTAR 11N             
1 34111U 09009A   21089.81157687 -.00000259  00000-0  00000-0 0  9998
2 34111   0.0189 213.7235 0003002 145.1225  84.1541  1.00270443 27135
EUTELSAT 10A            
1 34710U 09016A   21089.82108557  .00000060  00000-0  00000-0 0  9993
2 34710   0.0696 359.6614 0005713  14.5202 119.8228  1.00275722 22160
WGS F2 (USA 204)        
1 34713U 09017A   21089.86774074  .00000061  00000-0  00000-0 0  9995
2 34713   0.0718  98.4830 0000947 317.6422 142.1907  1.00260442 26521
SES-7 (PROTOSTAR 2)     
1 34941U 09027A   21089.85396435 -.00000354  00000-0  00000-0 0  9995
2 34941   0.0741  92.9349 0001140 231.0410 280.1232  1.00271046 43521
MEASAT-3A               
1 35362U 09032A   21089.86507590 -.00000251  00000-0  00000-0 0  9992
2 35362   0.0324 212.0432 0000998 100.0206 279.3289  1.00271552 43155
GOES 14                 
1 35491U 09033A   21089.58293156 -.00000101  00000-0  00000-0 0  9999
2 35491   0.1202 128.3490 0009828  94.0431  71.2987  1.00271955 43027
FM-5                    
1 35493U 09034A   21089.80952483 -.00000209  00000-0  00000+0 0  9990
2 35493   0.0282 291.1386 0000858  93.6580   8.8887  1.00270433 42881
TERRESTAR-1             
1 35496U 09035A   21089.83313260 -.00000064  00000-0  00000+0 0  9990
2 35496   2.7074  27.0633 0002718 342.8809   7.4313  1.00273371 43067
ASIASAT 5               
1 35696U 09042A   21089.85952140 -.00000316  00000-0  00000-0 0  9999
2 35696   0.0221 130.2273 0001407 226.2885 241.8386  1.00269204 42595
JCSAT-RA (JCSAT-12)     
1 35755U 09044A   21089.85275222 -.00000041  00000-0  00000-0 0  9991
2 35755   0.0264 234.3617 0002110 154.6875 275.2650  1.00270998 42510
OPTUS D3                
1 35756U 09044B   21089.85013513 -.00000157  00000-0  00000-0 0  9993
2 35756   0.0110  46.4229 0004572 318.0686 285.9979  1.00269822 42462
PALAPA D                
1 35812U 09046A   21089.16475945 -.00000366  00000-0  00000-0 0  9995
2 35812   0.8477  94.0541 0003598 337.7321 288.2479  1.00269737 42574
NIMIQ 5                 
1 35873U 09050A   21089.80396771 -.00000266  00000-0  00000+0 0  9995
2 35873   0.0259 114.4506 0002899 279.1171  11.5589  1.00271333 42253
AMAZONAS 2              
1 35942U 09054A   21089.80686612 -.00000291  00000-0  00000+0 0  9990
2 35942   0.0302 140.8250 0002723 284.8741 352.1842  1.00270551 42088
COMSATBW-1              
1 35943U 09054B   21089.75984597  .00000015  00000-0  00000-0 0  9992
2 35943   0.0160 221.8624 0003232 185.9384 117.1112  1.00274830 42214
NSS-12                  
1 36032U 09058A   21089.75862465  .00000063  00000-0  00000-0 0  9998
2 36032   0.0332  71.8961 0002845 301.7521 144.8059  1.00269406 41828
THOR 6                  
1 36033U 09058B   21089.81890468 -.00000019  00000-0  00000-0 0  9992
2 36033   0.0099 174.6538 0002123 218.7065  89.0010  1.00270739 41929
INTELSAT 14 (IS-14)     
1 36097U 09064A   21089.79841059 -.00000282  00000-0  00000-0 0  9990
2 36097   0.0156 245.8733 0002623 130.0078  54.9379  1.00269747 41562
EUTELSAT 36B            
1 36101U 09065A   21089.82623250  .00000146  00000-0  00000-0 0  9990
2 36101   0.0705   0.3554 0004967  22.1109 139.2950  1.00268161 41620
INTELSAT 15 (IS-15)     
1 36106U 09067A   21089.86507590 -.00000194  00000-0  00000-0 0  9993
2 36106   0.0207 201.2039 0002469 175.5833 208.2467  1.00269550 22187
WGS F3 (USA 211)        
1 36108U 09068A   21089.81663654 -.00000106  00000-0  00000-0 0  9998
2 36108   0.0249 205.3482 0000808 279.4620 345.5450  1.00269301 27518
DIRECTV 12              
1 36131U 09075A   21089.83313260 -.00000112  00000-0  00000-0 0  9996
2 36131   0.0190 216.7591 0000334 129.1443  39.7332  1.00269192 27467
BEIDOU 3                
1 36287U 10001A   21089.91882417 -.00000289  00000-0  00000-0 0  9998
2 36287   1.7561  42.9179 0002936  82.7850 173.9900  1.00272426 41064
RADUGA-1M 2             
1 36358U 10002A   21089.86507590 -.00000193  00000-0  00000-0 0  9992
2 36358   0.0618 251.1436 0003241 167.4809 166.2434  1.00272821 31002
SDO                     
1 36395U 10005A   21089.58336773 -.00000051  00000-0  00000-0 0  9991
2 36395  30.8207 116.5018 0001390 289.8853 249.9213  1.00274454 40962
INTELSAT 16 (IS-16)     
1 36397U 10006A   21089.80381288 -.00000253  00000-0  00000+0 0  9993
2 36397   0.0223 194.4418 0002101 180.8197  26.3092  1.00269490 40643
GOES 15                 
1 36411U 10008A   21089.84424429  .00000046  00000-0  00000-0 0  9991
2 36411   0.1200 239.1879 0004484 162.6620 322.1697  1.00274743 40587
ECHOSTAR 14             
1 36499U 10010A   21089.65176069 -.00000008  00000-0  00000-0 0  9992
2 36499   0.0143 227.0139 0002662 142.6169 294.3499  1.00271295 27466
SES-1                   
1 36516U 10016A   21089.65533735 -.00000123  00000-0  00000-0 0  9993
2 36516   0.0153 272.7677 0002563  94.2538 316.1522  1.00271385 39949
ASTRA 3B                
1 36581U 10021A   21089.87827267  .00000128  00000-0  00000-0 0  9995
2 36581   0.0481  30.4649 0003168 325.4401 172.2309  1.00269191 39781
COMSATBW-2              
1 36582U 10021B   21089.82169622  .00000079  00000-0  00000-0 0  9990
2 36582   0.0104 210.9447 0002440 177.1346 109.3230  1.00269146 39860
BADR-5                  
1 36592U 10025A   21089.87827267  .00000135  00000-0  00000-0 0  9999
2 36592   0.0311 128.2362 0002210 289.1332 113.2529  1.00270021 34125
COMS 1                  
1 36744U 10032A   21089.87132532 -.00000353  00000-0  00000-0 0  9993
2 36744   0.0279 125.3439 0001266 263.4233 241.5513  1.00271403 31990
ARABSAT-5A              
1 36745U 10032B   21089.87827267  .00000145  00000-0  00000-0 0  9998
2 36745   0.0585  19.9335 0002819  21.4423 133.7575  1.00277547 39557
ECHOSTAR 15             
1 36792U 10034A   21089.82132851 -.00000291  00000-0  00000+0 0  9997
2 36792   0.0191 127.9364 0001913 258.6059  35.8811  1.00269081 39309
BEIDOU 5                
1 36828U 10036A   21089.67114373 -.00000132  00000-0  00000-0 0  9996
2 36828  54.1712 180.3278 0109339 234.6383 133.3507  1.00285761 39129
NILESAT 201             
1 36830U 10037A   21089.81768337 -.00000066  00000-0  00000-0 0  9997
2 36830   0.0356 183.0317 0005683 207.7127  85.0312  1.00272240 39264
RASCOM-QAF 1R           
1 36831U 10037B   21089.81960257  .00000010  00000-0  00000-0 0  9991
2 36831   0.0143 241.0894 0004676 127.2654 118.0041  1.00273921 39203
AEHF-1 (USA 214)        
1 36868U 10039A   21089.81986427  .00000019  00000-0  00000-0 0  9999
2 36868   3.4344  93.0006 0005135 321.8682  72.6587  1.00271955 34566
CHINASAT 6A (ZX 6A)     
1 37150U 10042A   21089.77223346 -.00000363  00000-0  00000-0 0  9990
2 37150   0.0178 231.3758 0001971 356.9822   3.0797  1.00270697 38803
QZS-1 (MICHIBIKI-1)     
1 37158U 10045A   21087.45821006 -.00000111  00000-0  00000-0 0  9992
2 37158  41.8813 139.5942 0751145 270.1452  80.9587  1.00288409 38615
XM-5                    
1 37185U 10053A   21089.80952483 -.00000214  00000-0  00000+0 0  9999
2 37185   0.0156 211.4430 0005122  16.6788 166.5476  1.00270483 38358
BSAT-3B                 
1 37207U 10056B   21089.90535356 -.00000360  00000-0  00000-0 0  9997
2 37207   0.0553 345.6248 0003326  13.2370 265.4070  1.00270751 33043
BEIDOU 6                
1 37210U 10057A   21089.72340950 -.00000122  00000-0  00000-0 0  9992
2 37210   1.0051  56.2650 0002713 191.5347   0.8339  1.00270132 38188
SKYTERRA 1              
1 37218U 10061A   21089.83868718 -.00000125  00000-0  00000-0 0  9997
2 37218   2.1358  13.4334 0004484  20.9121 354.6899  1.00271856 38101
ZHONGXING-20A           
1 37234U 10064A   21089.84420309 -.00000358  00000-0  00000-0 0  9997
2 37234   1.5500  93.5614 0002479 306.2836 218.9414  1.00272166 37936
HYLAS 1                 
1 37237U 10065A   21089.84840986 -.00000371  00000-0  00000-0 0  9993
2 37237   0.8173  94.4273 0001629 276.5015 240.1274  1.00268940 37882
INTELSAT 17 (IS-17)     
1 37238U 10065B   21089.76045661 -.00000011  00000-0  00000-0 0  9993
2 37238   0.0220 220.9815 0002592 165.1440 141.9868  1.00272894 34305
BEIDOU 7                
1 37256U 10068A   21088.96507779 -.00000197  00000-0  00000-0 0  9995
2 37256  50.9969 294.9411 0082227 215.7398 143.9273  1.00281125 37693
EUTELSAT KA-SAT 9A      
1 37258U 10069A   21089.82082385  .00000053  00000-0  00000-0 0  9995
2 37258   0.0480 280.2666 0003463 167.3907  45.2696  1.00271167 24911
HISPASAT 30W-5          
1 37264U 10070A   21089.81305987 -.00000225  00000-0  00000+0 0  9990
2 37264   0.0441 115.3851 0003648 287.7465  47.9560  1.00272377 37579
KOREASAT 6              
1 37265U 10070B   21089.89700723 -.00000371  00000-0  00000-0 0  9999
2 37265   0.0205 102.3416 0002152 307.9021 217.1719  1.00269482 37674
BEIDOU 8                
1 37384U 11013A   21089.95174583 -.00000186  00000-0  00000-0 0  9999
2 37384  59.6714  58.6926 0053686 207.8392  24.4520  1.00275967 36579
INTELSAT NEW DAWN       
1 37392U 11016A   21089.87827267  .00000147  00000-0  00000-0 0  9992
2 37392   0.0200 224.5080 0000964 206.6224 106.2988  1.00272143 34203
YAHSAT 1A               
1 37393U 11016B   21089.82954744  .00000092  00000-0  00000-0 0  9998
2 37393   0.0123 240.7355 0000172 159.4117 139.4112  1.00271461 23308
SBIRS GEO-1 (USA 230)   
1 37481U 11019A   21089.76045661 -.00000018  00000-0  00000-0 0  9990
2 37481   1.8436 357.6953 0001728  18.4998 152.1099  1.00272466 36309
TELSTAR 14R             
1 37602U 11021A   21089.82132851 -.00000289  00000-0  00000+0 0  9992
2 37602   0.0431  30.0068 0002862   4.2616  26.8048  1.00269567 36690
GSAT-8                  
1 37605U 11022A   21089.82998362  .00000076  00000-0  00000-0 0  9997
2 37605   0.0310 106.0764 0005376 195.1478 241.0628  1.00272245 34123
ST-2                    
1 37606U 11022B   21089.91158786 -.00000221  00000-0  00000-0 0  9999
2 37606   0.0184 180.7403 0001001 223.4354 200.5101  1.00271520 36180
CHINASAT 10 (ZX 10)     
1 37677U 11026A   21089.90535356 -.00000361  00000-0  00000-0 0  9997
2 37677   0.0723 260.0762 0002506 285.2500  79.6095  1.00272121 35899
TIANLIAN 1-02           
1 37737U 11032A   21089.70959808 -.00000024  00000-0  00000-0 0  9997
2 37737   2.1367  73.7590 0011952 103.1820  77.7479  1.00273306 35621
GSAT-12                 
1 37746U 11034A   21089.82858785  .00000116  00000-0  00000-0 0  9995
2 37746   0.2760  97.7208 0010377 338.2230  98.6450  1.00272875 24400
SES-3                   
1 37748U 11035A   21089.65490118 -.00000110  00000-0  00000-0 0  9996
2 37748   0.0434  54.7900 0002863 309.9876 316.2309  1.00271365 35522
KAZSAT-2                
1 37749U 11035B   21089.90921209 -.00000208  00000-0  00000-0 0  9993
2 37749   0.0439 301.2955 0000854 125.2954 175.7195  1.00274465 34290
BEIDOU 9                
1 37763U 11038A   21088.03114742 -.00000096  00000-0  00000-0 0  9996
2 37763  54.4600 182.7744 0079777 224.7914 245.6297  1.00281772 35535
ASTRA 1N                
1 37775U 11041A   21089.82291753  .00000111  00000-0  00000-0 0  9996
2 37775   0.0610  42.4418 0005481 343.6624 117.7351  1.00270600 25432
BSAT-3C (JCSAT-110R)    
1 37776U 11041B   21089.90535356 -.00000360  00000-0  00000-0 0  9993
2 37776   0.0121 132.4133 0000050 341.9739 149.9921  1.00271280 31385
PAKSAT-1R               
1 37779U 11042A   21089.82658142  .00000145  00000-0  00000-0 0  9997
2 37779   0.0224  15.3753 0009096   8.4282 140.1365  1.00271244 35385
CHINASAT 1A (ZX 1A)     
1 37804U 11047A   21089.87132532 -.00000347  00000-0  00000-0 0  9991
2 37804   0.0434 334.5429 0001981  25.9821 271.4505  1.00271750  8264
SES-2                   
1 37809U 11049A   21089.58633376 -.00000204  00000-0  00000-0 0  9990
2 37809   0.0305  86.7011 0002936 284.8247 300.7281  1.00271195 34863
ARABSAT-5C              
1 37810U 11049B   21089.82300476  .00000114  00000-0  00000-0 0  9990
2 37810   0.0595  15.4900 0001216  50.4940  78.6835  1.00271868 34963
EUTELSAT 7 WEST A       
1 37816U 11051A   21089.81759615 -.00000069  00000-0  00000-0 0  9991
2 37816   0.0774  38.9250 0001436 110.5970 325.9283  1.00270557 34803
QUETZSAT 1              
1 37826U 11054A   21089.80372562 -.00000250  00000-0  00000+0 0  9997
2 37826   0.0375  62.7762 0003033 324.0897  13.8714  1.00271486 35006
INTELSAT 18 (IS-18)     
1 37834U 11056A   21089.85493311  .00000043  00000-0  00000-0 0  9999
2 37834   0.0334 334.9499 0001948  48.4343 292.8240  1.00269649 34737
EUTELSAT 16A            
1 37836U 11057A   21089.82221963  .00000095  00000-0  00000+0 0  9997
2 37836   0.0683  11.1483 0004811   3.7833 125.4619  1.00271764 34690
VIASAT-1                
1 37843U 11059A   21089.83313260 -.00000032  00000-0  00000+0 0  9992
2 37843   0.0164 203.5555 0002591 169.4206   0.2524  1.00270845 35185
ASIASAT 7               
1 37933U 11069A   21088.83516782 -.00000342  00000-0  00000-0 0  9991
2 37933   0.0313 252.9747 0001860  97.7768 242.8505  1.00273267 34358
BEIDOU 10               
1 37948U 11073A   21089.19799843 -.00000141  00000-0  00000-0 0  9990
2 37948  51.0969 294.5550 0069196 214.5676 205.9340  1.00271150 34305
LUCH 5A                 
1 37951U 11074B   21089.70981781 -.00000051  00000-0  00000-0 0  9996
2 37951   3.9271 107.1939 0004586 290.9311 212.8078  1.00275113 34091
NIGCOMSAT 1R            
1 38014U 11077A   21089.82754102  .00000136  00000-0  00000-0 0  9991
2 38014   0.0435   1.1831 0000929  66.4618 101.1545  1.00271218 33864
FENGYUN 2F              
1 38049U 12002A   21089.76961638 -.00000365  00000-0  00000-0 0  9990
2 38049   2.7269  82.4261 0003982  44.3751  90.6829  1.00273744 33795
WGS F4 (USA 233)        
1 38070U 12003A   21089.91158786 -.00000224  00000-0  00000-0 0  9998
2 38070   0.0035 218.5931 0000198 218.7689 167.7026  1.00270080 25055
SES-4                   
1 38087U 12007A   21089.81463012 -.00000177  00000-0  00000-0 0  9997
2 38087   0.0160 261.0465 0002275 116.3893  82.2287  1.00272035 33157
BEIDOU 11               
1 38091U 12008A   21089.75897360  .00000049  00000-0  00000+0 0  9999
2 38091   1.3853  65.5350 0009212 314.5129 140.3344  1.00269689 33383
MUOS-1                  
1 38093U 12009A   21089.83868718 -.00000135  00000-0  00000+0 0  9993
2 38093   2.5854  17.9815 0058932 359.7102  12.6073  1.00273727 33367
INTELSAT 22 (IS-22)     
1 38098U 12011A   21089.83338583 -.00000068  00000-0  00000-0 0  9999
2 38098   0.0030 187.0138 0002790 189.2252 184.3002  1.00272359 32729
APSTAR 7                
1 38107U 12013A   21089.81577365 -.00000111  00000-0  00000-0 0  9992
2 38107   0.0118 149.0360 0002730 236.8737 172.6716  1.00271214 32713
YAHSAT 1B               
1 38245U 12016A   21089.82850063  .00000117  00000-0  00000-0 0  9993
2 38245   0.0158 197.8664 0001815 187.8725 148.5447  1.00273740 26502
AEHF-2 (USA 235)        
1 38254U 12019A   21089.82132851 -.00000282  00000-0  00000-0 0  9998
2 38254   2.4804  54.8697 0005528   5.6532 356.0425  1.00273228 31758
JCSAT-13                
1 38331U 12023A   21089.84840986 -.00000365  00000-0  00000-0 0  9998
2 38331   0.0113 193.9229 0002615 224.0166 199.9273  1.00270081 32436
VINASAT-2               
1 38332U 12023B   21089.87132532 -.00000338  00000-0  00000-0 0  9993
2 38332   0.0223 221.9122 0002703 161.3278 250.7466  1.00269732 27567
NIMIQ 6                 
1 38342U 12026A   21089.82757824 -.00000183  00000-0  00000+0 0  9996
2 38342   0.0297  96.3094 0002471 274.9019  24.0019  1.00272872 32502
CHINASAT 2A (ZX 2A)     
1 38352U 12028A   21089.85952140 -.00000302  00000-0  00000-0 0  9994
2 38352   0.0452 358.1940 0002746  47.2096 190.7272  1.00272047 32287
INTELSAT 19 (IS-19)     
1 38356U 12030A   21089.85214156 -.00000065  00000-0  00000-0 0  9995
2 38356   0.0050 219.4926 0003157 154.8747 286.8470  1.00272231 31352
ECHOSTAR 17             
1 38551U 12035A   21089.83313260 -.00000084  00000-0  00000-0 0  9992
2 38551   0.0245 203.0166 0002018 158.2582  19.9787  1.00269545 31967
METEOSAT-10 (MSG-3)     
1 38552U 12035B   21089.82091111  .00000051  00000-0  00000-0 0  9993
2 38552   1.2133   3.1691 0001155  28.4439 101.4907  1.00271840 31769
SES-5                   
1 38652U 12036A   21089.82003875  .00000025  00000-0  00000-0 0  9996
2 38652   0.0276 307.4404 0002014  67.4801 113.6824  1.00272619 25400
TIANLIAN 1-03           
1 38730U 12040A   21089.89492152  .00000116  00000-0  00000-0 0  9996
2 38730   0.9125  97.5936 0007024 294.3831 139.0387  1.00268960 31896
INTELSAT 20 (IS-20)     
1 38740U 12043A   21089.76089279 -.00000034  00000-0  00000-0 0  9998
2 38740   0.0129 171.3183 0001393  19.4455 340.0101  1.00271636 31654
HYLAS 2                 
1 38741U 12043B   21089.87827267  .00000145  00000-0  00000-0 0  9990
2 38741   0.0326 102.2786 0001934 273.3127 160.0892  1.00272745 31675
INTELSAT 21 (IS-21)     
1 38749U 12045A   21089.82132851 -.00000294  00000-0  00000+0 0  9998
2 38749   0.0141 245.3116 0002189 140.2093  40.5737  1.00272437 31545
ASTRA 2F                
1 38778U 12051A   21089.87827267  .00000141  00000-0  00000-0 0  9995
2 38778   0.0649 234.5107 0001432  47.5069 250.7991  1.00270570 22028
GSAT-10                 
1 38779U 12051B   21089.86507590 -.00000174  00000-0  00000-0 0  9996
2 38779   0.0164 227.2428 0000578  77.5872 278.0496  1.00272336 31026
INTELSAT 23 (IS-23)     
1 38867U 12057A   21089.80843637 -.00000293  00000-0  00000-0 0  9991
2 38867   0.0109 220.2699 0001816 156.4415  49.7318  1.00269605 30853
BEIDOU 16               
1 38953U 12059A   21088.47199734 -.00000181  00000-0  00000+0 0  9998
2 38953   1.7780  84.9378 0009481 276.4255  79.5935  1.00272722 30931
LUCH 5B                 
1 38977U 12061A   21089.67226112 -.00000139  00000-0  00000-0 0  9995
2 38977   6.3465  65.7469 0003102 319.8622  28.3550  1.00270999 31075
YAMAL 300K              
1 38978U 12061B   21089.85554376  .00000062  00000-0  00000-0 0  9996
2 38978   0.0125 210.6180 0001072 326.5063 142.2861  1.00270630 30543
STAR ONE C3             
1 38991U 12062A   21089.80407457 -.00000258  00000-0  00000-0 0  9992
2 38991   0.0793  95.6850 0002017 321.1343 346.0436  1.00272543 30666
EUTELSAT 21B            
1 38992U 12062B   21089.82335372  .00000121  00000-0  00000-0 0  9999
2 38992   0.0687  11.4547 0002455   3.9571 130.9890  1.00271623 30743
ECHOSTAR 16             
1 39008U 12065A   21089.82132851 -.00000291  00000-0  00000+0 0  9996
2 39008   0.0188 184.2402 0002098 196.7835  41.5647  1.00268792 30711
CHINASAT 12 (ZX 12)     
1 39017U 12067A   21089.91158786 -.00000216  00000-0  00000-0 0  9991
2 39017   0.0187 168.8444 0002856 208.0876 227.2365  1.00272029 30413
EUTELSAT 70B            
1 39020U 12069A   21089.83312412 -.00000052  00000-0  00000-0 0  9994
2 39020   0.0599  29.1921 0001528 153.6145  15.9906  1.00271712 30413
YAMAL 402               
1 39022U 12070A   21089.68639333  .00000077  00000-0  00000-0 0  9991
2 39022   0.0284 114.8936 0002924 272.3490 103.0300  1.00272733 30294
SKYNET 5D               
1 39034U 12075A   21089.82954744  .00000090  00000-0  00000-0 0  9996
2 39034   0.0723   7.4168 0003637 358.6496 173.7314  1.00270213 30071
MEXSAT 3                
1 39035U 12075B   21089.83313260 -.00000034  00000-0  00000-0 0  9999
2 39035   0.0249 198.4230 0002248 170.1074   5.0254  1.00268537 30089
TDRS 11                 
1 39070U 13004A   21089.85606719  .00000067  00000-0  00000-0 0  9992
2 39070   3.4347 336.1507 0006241  41.5031 304.5423  1.00271799 27594
AMAZONAS 3              
1 39078U 13006A   21089.80686612 -.00000291  00000-0  00000+0 0  9996
2 39078   0.0249 208.6805 0001580 147.5624  61.6366  1.00271713 29872
AZERSPACE 1             
1 39079U 13006B   21089.82823891  .00000124  00000-0  00000-0 0  9996
2 39079   0.0190 146.0343 0001679 252.8745 133.6476  1.00270541 29716
SBIRS GEO-2 (USA 241)   
1 39120U 13011A   21089.82317922  .00000111  00000-0  00000-0 0  9998
2 39120   1.9130 356.7916 0001676  20.7499 127.8070  1.00272518 29449
EUTELSAT 117 WEST A     
1 39122U 13012A   21089.83313260 -.00000022  00000-0  00000-0 0  9995
2 39122   0.0419  45.9470 0003106 335.6892 349.9031  1.00271338 29340
ANIK G1                 
1 39127U 13014A   21089.83313260 -.00000083  00000-0  00000+0 0  9998
2 39127   0.0108 195.3428 0001212 157.1901  28.5136  1.00271747 29156
CHINASAT 11 (ZX 11)     
1 39157U 13020A   21089.85952140 -.00000300  00000-0  00000-0 0  9999
2 39157   0.0661 272.6321 0002620  92.3025 230.9420  1.00269294 29053
EUTELSAT 7B             
1 39163U 13022A   21089.82047493  .00000038  00000-0  00000-0 0  9998
2 39163   0.0685   4.2576 0005969   4.5078 122.0127  1.00268519 28883
WGS F5 (USA 243)        
1 39168U 13024A   21089.80861083 -.00000293  00000-0  00000-0 0  9996
2 39168   0.0012 184.5300 0000402 199.8474  42.6250  1.00270695 28077
SES-6                   
1 39172U 13026A   21089.81096622 -.00000270  00000-0  00000-0 0  9998
2 39172   0.0305 305.0347 0002409  69.6833  65.1160  1.00270982 28620
IRNSS-1A                
1 39199U 13034A   21089.60131743  .00000103  00000-0  00000-0 0  9991
2 39199  31.4589  92.2353 0019596 188.8929 178.6381  1.00270388 28274
MUOS-2                  
1 39206U 13036A   21089.85563101  .00000057  00000-0  00000-0 0  9994
2 39206   2.5423   6.9112 0050976 179.7797 132.7205  1.00272326 28093
ALPHASAT                
1 39215U 13038A   21089.87827267  .00000127  00000-0  00000-0 0  9992
2 39215   2.5563  17.6818 0002189 359.1186 152.6991  1.00275166 24925
INSAT-3D                
1 39216U 13038B   21089.81577365 -.00000165  00000-0  00000-0 0  9991
2 39216   0.0636  97.7196 0001644 294.9638 171.4675  1.00272702 28005
WGS F6 (USA 244)        
1 39222U 13041A   21089.72032810  .00000081  00000-0  00000-0 0  9999
2 39222   0.0201 212.0939 0000328 243.0300 217.3156  1.00269995 26952
ES'HAIL 1               
1 39233U 13044A   21089.87827267  .00000135  00000-0  00000-0 0  9998
2 39233   0.0653  15.5452 0002378 352.4831 162.1246  1.00280467 27542
GSAT-7                  
1 39234U 13044B   21089.69023170 -.00000086  00000-0  00000-0 0  9996
2 39234   0.0294 129.3287 0006476 164.1967 217.2186  1.00271113 26233
AMOS-4                  
1 39237U 13045A   21089.76019491 -.00000002  00000-0  00000-0 0  9997
2 39237   0.0257 247.5202 0002560 123.3309 156.1581  1.00272201 27861
AEHF-3 (USA 246)        
1 39256U 13050A   21089.90535356 -.00000363  00000-0  00000-0 0  9993
2 39256   0.7760  48.3662 0005838 312.9563 264.0393  1.00264954 26577
ASTRA 2E                
1 39285U 13056A   21089.87827267  .00000141  00000-0  00000-0 0  9995
2 39285   0.1002  61.4453 0002426 306.1599 165.5191  1.00273068 27354
FM-6                    
1 39360U 13058A   21089.83313260 -.00000025  00000-0  00000-0 0  9992
2 39360   0.0336 264.0093 0000885 340.4172 127.7638  1.00270429 26963
RADUGA-1M 3             
1 39375U 13062A   21089.82605801  .00000148  00000-0  00000-0 0  9992
2 39375   1.1320  94.8104 0001741 278.3035 147.6814  1.00272293 27032
SES-8                   
1 39460U 13071A   21089.80674310 -.00000278  00000-0  00000-0 0  9991
2 39460   0.0189 218.8744 0002230 176.8315 178.1091  1.00270634 25359
INMARSAT 5-F1           
1 39476U 13073A   21089.75975873  .00000019  00000-0  00000-0 0  9994
2 39476   0.0206 181.1409 0000475 272.3168  70.9979  1.00271854 26498
TKSAT-1 (TUPAC KATARI)  
1 39481U 13075A   21089.58633376 -.00000203  00000-0  00000-0 0  9998
2 39481   0.0441 350.8243 0003083  23.3979 297.8344  1.00270122 26491
EXPRESS-AM5             
1 39487U 13077A   21089.91873693 -.00000289  00000-0  00000-0 0  9995
2 39487   0.0397 321.7573 0000850 133.1877 204.3444  1.00272833 27256
GSAT-14                 
1 39498U 14001A   21089.83364753 -.00000085  00000-0  00000+0 0  9991
2 39498   0.0142 205.8100 0002730  99.6012 257.0988  1.00271105 26483
THAICOM 6               
1 39500U 14002A   21089.85545230 -.00000130  00000-0  00000-0 0  9991
2 39500   0.0585 125.2649 0002727 305.0462 144.5844  1.00272882 26361
TDRS 12                 
1 39504U 14004A   21089.45201282 -.00000282  00000-0  00000-0 0  9997
2 39504   4.3125 340.9768 0001926  76.3147 252.5302  1.00269017 25171
ABS-2                   
1 39508U 14006A   21089.76220133 -.00000095  00000-0  00000-0 0  9995
2 39508   0.0348  64.1800 0003950 305.1011 168.3852  1.00271242 26199
ATHENA-FIDUS            
1 39509U 14006B   21089.82658142  .00000145  00000-0  00000-0 0  9993
2 39509   0.0183 208.3307 0001463 193.4242 122.0189  1.00273459 25980
TURKSAT 4A              
1 39522U 14007A   21089.82736655  .00000137  00000-0  00000-0 0  9996
2 39522   0.0557 269.6438 0003629  51.1578 207.4567  1.00272990 25890
EXPRESS-AT1             
1 39612U 14010A   21089.54306476  .00000069  00000-0  00000-0 0  9997
2 39612   0.0382 321.1764 0000938 134.8995 343.5755  1.00274192 25958
EXPRESS-AT2             
1 39613U 14010B   21089.91873693 -.00000291  00000-0  00000-0 0  9997
2 39613   0.0411 316.9784 0000070 347.1824 354.9407  1.00272577 25789
AMAZONAS 4A             
1 39616U 14011A   21089.80424904 -.00000261  00000-0  00000-0 0  9993
2 39616   0.1113  79.9263 0003524 297.0794  26.9281  1.00267650 25597
ASTRA 5B                
1 39617U 14011B   21089.87827267  .00000146  00000-0  00000-0 0  9991
2 39617   0.0116  67.3057 0003355 312.1013 156.7377  1.00273340 25576
IRNSS-1B                
1 39635U 14017A   21087.10229880  .00000088  00000-0  00000-0 0  9993
2 39635  28.8257 272.5161 0020306 175.7364 189.2730  1.00272974 25670
LUCH 5V                 
1 39727U 14023A   21089.86438147 -.00000277  00000-0  00000-0 0  9996
2 39727   0.5637  46.8590 0004576  12.0308 175.3598  1.00276835 25264
KAZSAT-3                
1 39728U 14023B   21089.86774074  .00000052  00000-0  00000-0 0  9999
2 39728   0.0174 232.8032 0000715 209.8371 116.6887  1.00268199 23363
EUTELSAT 3B             
1 39773U 14030A   21089.81968979  .00000011  00000-0  00000+0 0  9995
2 39773   0.0699 351.6589 0002687 174.7243 320.1987  1.00271027 25123
USA 254                 
1 40100U 14043B   21068.38281397 -.00000373  00000-0  00000+0 0  9998
2 40100   0.0352  65.9499 0000140  87.9524 279.8230  1.00134519  8451
ASIASAT 8 (AMOS-7)      
1 40107U 14046A   21089.81829402 -.00000042  00000-0  00000-0 0  9998
2 40107   0.0397 260.5836 0002413 141.7942  76.7421  1.00272620 83065
ASIASAT 6               
1 40141U 14052A   21089.77118663 -.00000371  00000-0  00000-0 0  9993
2 40141   0.0233 269.5005 0000826 101.8028 214.5966  1.00270983 24068
OPTUS 10                
1 40146U 14054A   21089.85013513 -.00000156  00000-0  00000-0 0  9998
2 40146   0.0331 193.5975 0001794 182.8994 274.0005  1.00270809 23926
MEASAT-3B               
1 40147U 14054B   21089.86507590 -.00000251  00000-0  00000-0 0  9999
2 40147   0.0455  16.8484 0002736 344.8329 229.7071  1.00271904 23810
LUCH (OLYMP)            
1 40258U 14058A   21089.88925119 -.00000075  00000-0  00000-0 0  9993
2 40258   0.0172 219.0192 0001427 178.6049 102.9164  1.00271498 21901
HIMAWARI-8              
1 40267U 14060A   21089.84708187 -.00000285  00000-0  00000-0 0  9999
2 40267   0.0341 183.6846 0000996 212.7753 237.5861  1.00271692 23663
IRNSS-1C                
1 40269U 14061A   21089.83539226 -.00000167  00000-0  00000-0 0  9996
2 40269   2.1700 153.5990 0017789  11.2915  47.2326  1.00269290 23598
INTELSAT 30 (IS-30)     
1 40271U 14062A   21089.67206926 -.00000159  00000-0  00000-0 0  9991
2 40271   0.0204 225.5195 0001663 256.8520 212.7773  1.00269867 23491
ARSAT 1                 
1 40272U 14062B   21089.80442352 -.00000268  00000-0  00000-0 0  9993
2 40272   0.0137 141.6076 0001571 223.4704  41.0933  1.00270992 23510
EXPRESS-AM6             
1 40277U 14064A   21089.04354751  .00000089  00000-0  00000-0 0  9991
2 40277   0.0438 300.9287 0000744  42.9736 272.4257  1.00273570 23562
GSAT-16                 
1 40332U 14078A   21089.83007087  .00000076  00000-0  00000+0 0  9997
2 40332   0.0163 207.4971 0005694 225.5040 109.2987  1.00272848 23166
DIRECTV 14              
1 40333U 14078B   21089.82757824 -.00000134  00000-0  00000-0 0  9995
2 40333   0.0103 183.7909 0000328 180.5414  22.7596  1.00270629 22958
YAMAL 401               
1 40345U 14082A   21089.86507590 -.00000237  00000-0  00000-0 0  9994
2 40345   0.0105 193.6735 0001455 231.6759 164.4765  1.00269675 22829
ASTRA 2G                
1 40364U 14089A   21089.87827267  .00000141  00000-0  00000-0 0  9992
2 40364   0.0450   3.4386 0004528  39.7595 129.6626  1.00274346 22877
FENGYUN 2G              
1 40367U 14090A   21089.91071123 -.00000312  00000-0  00000-0 0  9995
2 40367   0.8363  92.7700 0001934 277.7926 245.4611  1.00276739 22949
MUOS-3                  
1 40374U 15002A   21089.81585142 -.00000139  00000-0  00000-0 0  9994
2 40374   2.6184 355.9553 0051430 176.1954 294.4997  1.00271901 22494
INMARSAT 5-F2           
1 40384U 15005A   21089.81577139 -.00000294  00000-0  00000-0 0  9997
2 40384   0.0258 199.2094 0000250  83.0201 144.8600  1.00270056 21895
ABS-3A                  
1 40424U 15010A   21089.81846850 -.00000035  00000-0  00000-0 0  9990
2 40424   0.0039 184.2457 0002134 112.7395 183.1200  1.00271145 22311
EUTELSAT 115 WEST B     
1 40425U 15010B   21089.83313260 -.00000034  00000-0  00000-0 0  9996
2 40425   0.0047 331.5536 0000131 167.8516 234.0439  1.00272493 22303
EXPRESS-AM7             
1 40505U 15012A   21089.82701760  .00000142  00000-0  00000-0 0  9991
2 40505   0.0005 198.8759 0003377 158.1371 169.1068  1.00271059 22262
IRNSS-1D                
1 40547U 15018A   21089.41075024 -.00000301  00000-0  00000-0 0  9993
2 40547  28.6692 272.5403 0020411 177.4395 357.6540  1.00272060 21890
BEIDOU 17               
1 40549U 15019A   21089.15952392 -.00000163  00000-0  00000-0 0  9995
2 40549  52.6183 317.9045 0036549 187.5552 195.9879  1.00283744 21985
THOR 7                  
1 40613U 15022A   21089.81890468 -.00000017  00000-0  00000-0 0  9997
2 40613   0.0094 212.3316 0002807 162.0848 108.1362  1.00271763 21734
TURKMENALEM52E/MONACOSAT
1 40617U 15023A   21089.82937299  .00000095  00000-0  00000-0 0  9992
2 40617   0.0195 155.6453 0003098 221.3400 162.0070  1.00270882 21744
DIRECTV 15              
1 40663U 15026A   21089.83313260 -.00000111  00000-0  00000-0 0  9993
2 40663   0.0261 111.8167 0000237  86.1000 187.5543  1.00268478 21363
SKY MEXICO-1            
1 40664U 15026B   21089.80337670 -.00000243  00000-0  00000+0 0  9997
2 40664   0.0128 130.1324 0002755 265.0187   3.6827  1.00271028 21432
METEOSAT-11 (MSG-4)     
1 40732U 15034A   21089.81899191 -.00000014  00000-0  00000-0 0  9991
2 40732   0.1764 240.4840 0000061  34.4606 207.9304  1.00274247 20945
STAR ONE C4             
1 40733U 15034B   21089.80512140 -.00000274  00000-0  00000+0 0  9994
2 40733   0.0459  28.1288 0002999 353.4939  26.6145  1.00272164 20921
WGS F7 (USA 263)        
1 40746U 15036A   21089.85397351  .00000008  00000-0  00000+0 0  9994
2 40746   0.0024 192.0147 0000164 334.8395 144.0054  1.00270831 20775
INTELSAT 34 (IS-34)     
1 40874U 15039A   21089.81577139 -.00000294  00000-0  00000+0 0  9997
2 40874   0.0262 211.8374 0000668  35.8045 178.9525  1.00269720 20529
EUTELSAT 8 WEST B       
1 40875U 15039B   21089.81742167 -.00000074  00000-0  00000-0 0  9990
2 40875   0.0690  23.2157 0004606  12.7321  78.7235  1.00272183 20562
GSAT-6                  
1 40880U 15041A   21089.85918948 -.00000170  00000-0  00000-0 0  9992
2 40880   0.0444 108.3541 0001732 175.3053 296.5882  1.00274232 20534
INMARSAT 5-F3           
1 40882U 15042A   21089.85484587  .00000041  00000-0  00000-0 0  9998
2 40882   0.0268 200.6795 0000255  93.5126  21.5837  1.00268655 20479
MUOS-4                  
1 40887U 15044A   21089.76220133 -.00000104  00000-0  00000-0 0  9991
2 40887   2.7086 351.5856 0058612   1.4062 184.7819  1.00271283 20464
TJS-1                   
1 40892U 15046A   21089.76900275 -.00000165  00000-0  00000-0 0  9998
2 40892   0.0816 117.9957 0002277 273.8888 228.3344  1.00269223 20453
EXPRESS-AM8             
1 40895U 15048A   21089.88802988 -.00000120  00000-0  00000-0 0  9999
2 40895   0.0234 323.5638 0000739 140.1849  30.4166  1.00271731 20287
BEIDOU 20               
1 40938U 15053A   21089.50396914 -.00000111  00000-0  00000+0 0  9998
2 40938  52.1847 280.9574 0046954 189.5363 352.3223  1.00254464 20256
SKY MUSTER 1 (NBN1A)    
1 40940U 15054A   21089.84699465 -.00000288  00000-0  00000-0 0  9992
2 40940   0.0104 238.5699 0001875 135.3775 259.6503  1.00270658 20166
ARSAT 2                 
1 40941U 15054B   21089.80285328 -.00000233  00000-0  00000-0 0  9998
2 40941   0.0137 140.4890 0001757 229.0054  26.9186  1.00271220 20222
MORELOS 3               
1 40946U 15056A   21089.65289475 -.00000056  00000-0  00000-0 0  9998
2 40946   4.3721 330.1035 0002597 358.3306 341.7314  1.00272781 20180
APSTAR 9                
1 40982U 15059A   21089.91917311 -.00000275  00000-0  00000-0 0  9990
2 40982   0.0109 234.8736 0001937 224.4359 202.1185  1.00272079 20051
TURKSAT 4B              
1 40984U 15060A   21089.82902403  .00000106  00000-0  00000-0 0  9992
2 40984   0.0177 197.5223 0001991 164.9085 174.4362  1.00273410 20012
CHINASAT 2C (ZX 2C)     
1 41021U 15063A   21088.83473164 -.00000332  00000-0  00000-0 0  9997
2 41021   0.0250  90.1382 0002413 313.4229 187.8154  1.00271921 19900
GSAT-15                 
1 41028U 15065A   21089.86507590 -.00000267  00000-0  00000-0 0  9998
2 41028   0.0669  99.8873 0002319 301.1017 192.3684  1.00271695 19712
BADR-7 (ARABSAT-6B)     
1 41029U 15065B   21089.87827267  .00000136  00000-0  00000-0 0  9990
2 41029   0.0547 255.9372 0002747 358.6859 276.0333  1.00274811 19672
LAOSAT 1                
1 41034U 15067A   21089.87132532 -.00000352  00000-0  00000-0 0  9993
2 41034   0.0440 344.0374 0001865   5.2677 281.3458  1.00270593 19765
TELSTAR 12V             
1 41036U 15068A   21089.81602589 -.00000128  00000-0  00000-0 0  9995
2 41036   0.0262 203.2979 0002449 158.8226 105.0570  1.00269869 19536
CHINASAT 1C (ZX 1C)     
1 41103U 15073A   21089.90704731 -.00000158  00000-0  00000-0 0  9991
2 41103   2.3009  89.6928 0001796 292.0532 214.6742  1.00272519 19567
ELEKTRO-L 2             
1 41105U 15074A   21089.23566182 -.00000122  00000-0  00000-0 0  9997
2 41105   1.8872  93.4562 0000355 158.8377   5.9280  1.00273267 19417
COSMOS 2513             
1 41121U 15075A   21089.83504331 -.00000148  00000-0  00000-0 0  9998
2 41121   0.0483 114.1323 0002678 290.8913 164.2707  1.00273874 19432
EXPRESS-AMU1            
1 41191U 15082A   21089.68264219  .00000147  00000-0  00000-0 0  9992
2 41191   0.0207 120.2821 0002848 239.1839 110.6482  1.00273456 19189
GAOFEN 4                
1 41194U 15083A   21089.91193252 -.00000344  00000-0  00000-0 0  9990
2 41194   0.0494 127.7322 0003932  20.2785 114.4780  1.00270774 19398
BELINTERSAT-1           
1 41238U 16001A   21089.82928574  .00000097  00000-0  00000-0 0  9997
2 41238   0.0063  76.7608 0001170  63.6889  37.9692  1.00276164 19162
IRNSS-1E                
1 41241U 16003A   21089.41075024 -.00000283  00000-0  00000-0 0  9999
2 41241  29.0052  91.6132 0019102 189.1406 166.9360  1.00275492 18972
EUTELSAT 9B             
1 41310U 16005A   21089.82082385  .00000053  00000-0  00000-0 0  9995
2 41310   0.0861  80.0947 0004425 243.4215 169.3693  1.00271323 19028
SES-9                   
1 41380U 16013A   21089.85396435 -.00000354  00000-0  00000-0 0  9993
2 41380   0.0331 270.4922 0001813 147.3138 186.3531  1.00271590 18349
EUTELSAT 65 WEST A      
1 41382U 16014A   21089.82132851 -.00000285  00000-0  00000+0 0  9995
2 41382   0.0644  16.1521 0002051  12.2525  30.4720  1.00268745 18553
IRNSS-1F                
1 41384U 16015A   21089.87827267  .00000151  00000-0  00000-0 0  9997
2 41384   1.9576 195.0222 0024040 188.0511 153.8997  1.00271330 18586
BEIDOU IGSO-6           
1 41434U 16021A   21089.95617181 -.00000151  00000-0  00000-0 0  9992
2 41434  57.4542  57.4661 0040261 216.9653 354.5202  1.00285486 18384
IRNSS-1G                
1 41469U 16027A   21089.84472650 -.00000344  00000-0  00000-0 0  9998
2 41469   1.9491 198.3969 0005341 240.6373 182.5757  1.00283069 18095
JCSAT-2B                
1 41471U 16028A   21089.84978619 -.00000175  00000-0  00000-0 0  9990
2 41471   0.0166 152.5221 0001960 221.1782 274.6573  1.00270575 18021
THAICOM 8               
1 41552U 16031A   21089.90643667 -.00000130  00000-0  00000-0 0  9994
2 41552   0.0738  74.5254 0005406 322.2782 196.5236  1.00270379 17622
INTELSAT 31 (IS-31)     
1 41581U 16035A   21089.66637455 -.00000159  00000-0  00000-0 0  9992
2 41581   0.0167 226.7579 0002397 347.1108 119.2308  1.00272112 17501
BEIDOU-2 G7             
1 41586U 16037A   21089.85396435 -.00000362  00000-0  00000-0 0  9996
2 41586   1.5356  64.8635 0009821  11.3403 170.2311  1.00271863 17696
ABS-2A (MONGOLSAT-1)    
1 41588U 16038A   21089.76211410 -.00000092  00000-0  00000-0 0  9998
2 41588   0.0253 197.9139 0001696 118.9606 220.5365  1.00269247 17619
EUTELSAT 117 WEST B     
1 41589U 16038B   21089.65210963 -.00000021  00000-0  00000-0 0  9991
2 41589   0.0429  11.0249 0000224 189.3409 105.6380  1.00273660 17571
BRISAT                  
1 41591U 16039A   21089.84908830 -.00000206  00000-0  00000-0 0  9998
2 41591   0.0198 222.9945 0002229 147.4470 274.1678  1.00270358 17521
ECHOSTAR 18             
1 41592U 16039B   21089.82132851 -.00000291  00000-0  00000-0 0  9993
2 41592   0.0262 199.4812 0001374 166.9803  56.2942  1.00271271 17530
MUOS-5                  
1 41622U 16041A   21089.65472670 -.00000150  00000-0  00000-0 0  9991
2 41622   6.6269 304.6996 0196080 224.4254 149.7947  1.00271871 17994
TIANTONG-1 1            
1 41725U 16048A   21089.91106017 -.00000329  00000-0  00000-0 0  9998
2 41725   2.6263 341.0724 0005723  41.3369 235.4401  1.00272394 17166
JCSAT-16                
1 41729U 16050A   21089.84840986 -.00000365  00000-0  00000-0 0  9997
2 41729   0.0737  93.0115 0003112 208.4009 316.4215  1.00272482 16972
USA 270                 
1 41744U 16052A   21060.40546567 -.00000017  00000-0  00000+0 0  9998
2 41744   0.0466 102.2795 0007402 267.3246  14.9976  0.99690670  8771
USA 271                 
1 41745U 16052B   21060.40930405 -.00000322  00000-0  00000+0 0  9996
2 41745   0.7946  92.1769 0000271 357.1288 316.1097  1.00407426  8545
INTELSAT 36 (IS-36)     
1 41747U 16053A   21089.54559459 -.00000033  00000-0  00000-0 0  9991
2 41747   0.0119 209.8369 0001563 172.5426  70.6683  1.00269574 16860
INTELSAT 33E (IS-33E)   
1 41748U 16053B   21089.80155140  .00000040  00000-0  00000-0 0  9997
2 41748   0.0439 352.9384 0001798  29.5656 154.4294  1.00271373 17151
INSAT-3DR               
1 41752U 16054A   21089.83364753 -.00000086  00000-0  00000-0 0  9999
2 41752   0.0880  97.4502 0010980 182.1570 282.8786  1.00271374 16717
GSAT-18                 
1 41793U 16060A   21089.83364753 -.00000086  00000-0  00000-0 0  9991
2 41793   0.0616 102.5661 0002518  22.4044  77.5390  1.00271206 16447
SKY MUSTER 2 (NBN1B)    
1 41794U 16060B   21089.84786699 -.00000254  00000-0  00000-0 0  9997
2 41794   0.0141 243.3829 0001668 129.3637 265.7220  1.00270749 16412
HIMAWARI-9              
1 41836U 16064A   21089.84708187 -.00000285  00000-0  00000-0 0  9998
2 41836   0.0043 284.7308 0000789 118.7045 230.6856  1.00269015 16093
SHIJIAN-17 (SJ-17)      
1 41838U 16065A   21089.77066323 -.00000371  00000-0  00000-0 0  9998
2 41838   0.9298  93.4633 0006215 339.3380 150.4709  1.00274555 16119
GOES 16                 
1 41866U 16071A   21089.87578249 -.00000257  00000-0  00000-0 0  9995
2 41866   0.0500 299.8291 0001492  89.4208  39.2765  1.00271945 16018
TIANLIAN 1-04           
1 41869U 16072A   21089.77725597  .00000021  00000-0  00000-0 0  9996
2 41869   0.1894 276.7149 0019670 176.6381 191.5716  1.00270897 16206
WGS F8 (USA 272)        
1 41879U 16075A   21089.84891383 -.00000212  00000-0  00000-0 0  9998
2 41879   0.0036 182.5774 0000125 268.0950 193.1734  1.00268919 15732
FENGYUN 4A              
1 41882U 16077A   21089.91167082 -.00000340  00000-0  00000-0 0  9996
2 41882   0.2234 284.2339 0003523 205.1532 132.0310  1.00272701 15880
ECHOSTAR 19             
1 41893U 16079A   21089.65603524 -.00000147  00000-0  00000-0 0  9992
2 41893   0.0109 141.6936 0001140 237.7632 307.8385  1.00270953 15617
JCSAT-15                
1 41903U 16082A   21089.62567715 -.00000360  00000-0  00000-0 0  9993
2 41903   0.0008 183.9156 0001552 199.6670 139.9393  1.00270200 15668
STAR ONE D1             
1 41904U 16082B   21089.80952483 -.00000219  00000-0  00000-0 0  9997
2 41904   0.0179 131.4588 0002355 257.8665   6.5073  1.00271733 15675
TJS-2                   
1 41911U 17001A   21089.86507590 -.00000031  00000-0  00000-0 0  9990
2 41911   0.0457 309.1842 0010907 144.2071 129.5328  0.99566077 15631
SBIRS GEO-4 (USA 273)   
1 41937U 17004A   21089.78723806  .00000117  00000-0  00000-0 0  9996
2 41937   3.2170 313.0202 0001800  71.7533 287.5973  1.00272078 15504
HISPASAT 36W-1          
1 41942U 17006A   21089.81183858 -.00000253  00000-0  00000-0 0  9997
2 41942   0.0193  16.6456 0001078 339.7899  88.2362  1.00272137 15139
TELKOM 3S               
1 41944U 17007A   21089.84840986 -.00000372  00000-0  00000-0 0  9997
2 41944   0.0164 258.4551 0002561 122.6302 230.7772  1.00270169 15049
INTELSAT 32E (IS-32E)   
1 41945U 17007B   21089.81044279 -.00000278  00000-0  00000-0 0  9991
2 41945   0.0185 165.5799 0000123 245.4772  25.9229  1.00269733 15138
ECHOSTAR 23             
1 42070U 17014A   21089.82132851 -.00000279  00000-0  00000-0 0  9995
2 42070   0.0267 201.8893 0002040 159.8123  54.4912  1.00270217 14837
WGS F9 (USA 275)        
1 42075U 17016A   21089.81672378 -.00000104  00000-0  00000-0 0  9991
2 42075   0.0870  95.3283 0000511   4.1750  11.1375  1.00270410 14816
SES-10                  
1 42432U 17017A   21089.44677866 -.00000281  00000-0  00000+0 0  9990
2 42432   0.0210 210.4776 0002731 163.8296 267.6861  1.00269634 14636
CHINASAT 16 (SJ-13)     
1 42662U 17018A   21089.07063088 -.00000361  00000-0  00000-0 0  9990
2 42662   0.0629  80.5594 0004127 168.6734  74.3465  1.00270450 14631
KOREASAT 7              
1 42691U 17023A   21089.84840986 -.00000371  00000-0  00000-0 0  9994
2 42691   0.0217 105.5761 0001082 294.2232 209.9613  1.00271660 14282
SGDC                    
1 42692U 17023B   21089.68494299 -.00000258  00000-0  00000-0 0  9993
2 42692   0.0179 102.1699 0002405 280.6628 337.1720  1.00270743 14320
GSAT-9                  
1 42695U 17024A   21089.85952140 -.00000295  00000-0  00000-0 0  9991
2 42695   0.0268 133.7162 0002262 239.3392 222.1348  1.00270973 14219
INMARSAT 5-F4           
1 42698U 17025A   21089.68674227  .00000066  00000-0  00000-0 0  9998
2 42698   0.0206 189.4264 0000541 234.0794  68.4911  1.00270837 14172
SES-15                  
1 42709U 17026A   21089.72154941  .00000051  00000-0  00000-0 0  9997
2 42709   0.0358  47.7331 0000539 334.7590 296.4159  1.00270758 15050
QZS-2 (MICHIBIKI-2)     
1 42738U 17028A   21087.25335240 -.00000157  00000-0  00000-0 0  9998
2 42738  42.5179 270.4429 0744540 270.4263 236.1765  1.00260876 14027
VIASAT-2                
1 42740U 17029A   21089.80512140 -.00000274  00000-0  00000-0 0  9991
2 42740   0.0196 249.6084 0000160 182.0078 336.7128  1.00271644 14089
EUTELSAT 172B           
1 42741U 17029B   21089.85336286 -.00000015  00000-0  00000-0 0  9995
2 42741   0.0212 233.0954 0000082 224.1759 210.3810  1.00271970 14626
GSAT-19                 
1 42747U 17031A   21089.82858785  .00000116  00000-0  00000-0 0  9995
2 42747   0.0519 103.8318 0006105 312.1957 118.5559  1.00270704 14049
ECHOSTAR 21             
1 42749U 17032A   21089.74929042  .00000051  00000-0  00000-0 0  9992
2 42749   4.9159 311.5610 0002232  67.6626  89.1291  1.00273744 14019
CHINASAT 9A (ZX 9A)     
1 42763U 17035A   21089.87740464  .00000083  00000-0  00000-0 0  9999
2 42763   0.1142  99.2972 0007540 277.2713 154.8688  0.99785041 14654
BULGARIASAT-1           
1 42801U 17038A   21089.81942809  .00000003  00000-0  00000+0 0  9997
2 42801   0.0319 114.5304 0002678 264.0471 106.7319  1.00273471 13810
HELLAS-SAT 3            
1 42814U 17040A   21089.82479924  .00000143  00000-0  00000-0 0  9994
2 42814   0.0599  18.7627 0005415 354.3192 151.2362  1.00270953 13749
GSAT-17                 
1 42815U 17040B   21089.62236219 -.00000267  00000-0  00000-0 0  9999
2 42815   0.0397 113.9838 0003118 186.5772 205.1869  1.00271936 13692
INTELSAT 35E (IS-35E)   
1 42818U 17041A   21089.81218751 -.00000247  00000-0  00000-0 0  9993
2 42818   0.0147 200.6388 0002081 182.0225  63.6391  1.00271466 13767
COSMOS 2520             
1 42907U 17046A   21089.89980674  .00000128  00000-0  00000-0 0  9992
2 42907   0.0158 156.0013 0000524 270.3468 131.0516  1.00272102 13292
TDRS 13                 
1 42915U 17047A   21089.81681101 -.00000114  00000-0  00000-0 0  9993
2 42915   5.1363 330.7765 0017407  94.0916  46.0427  1.00271527 13259
QZS-3 (MICHIBIKI-3)     
1 42917U 17048A   21089.87132532 -.00000357  00000-0  00000-0 0  9990
2 42917   0.0532 168.4780 0002323 209.8216 250.8035  1.00276510 13163
AMAZONAS 5              
1 42934U 17053A   21089.82132851 -.00000291  00000-0  00000-0 0  9991
2 42934   0.0438 330.5271 0004797  35.6879  56.8627  1.00269467 12984
ASIASAT 9               
1 42942U 17057A   21089.77162281 -.00000369  00000-0  00000-0 0  9994
2 42942   0.0050 203.2459 0002477 157.4736 227.5272  1.00269971 12843
INTELSAT 37E (IS-37E)   
1 42950U 17059A   21089.81541523 -.00000150  00000-0  00000-0 0  9998
2 42950   0.0195 216.4254 0002326 173.7219  73.8032  1.00270670 12968
BSAT-4A                 
1 42951U 17059B   21089.85396435 -.00000360  00000-0  00000-0 0  9996
2 42951   0.0684  49.5863 0004740 351.9198 204.2021  1.00272017 12708
QZS-4 (MICHIBIKI-4)     
1 42965U 17062A   21089.31656053 -.00000309  00000-0  00000-0 0  9994
2 42965  40.8288   7.8500 0748249 270.1106 163.4876  1.00277617 12716
SES-11 (ECHOSTAR 105)   
1 42967U 17063A   21089.83313260 -.00000099  00000-0  00000+0 0  9999
2 42967   0.0172 219.9947 0002207 135.8169  27.5801  1.00276361 12715
KOREASAT 5A             
1 42984U 17067A   21089.84158601 -.00000367  00000-0  00000-0 0  9998
2 42984   0.0180 188.8174 0001189 194.6534 221.0785  1.00271379 12442
ALCOMSAT 1              
1 43039U 17078A   21089.81410670 -.00000195  00000-0  00000-0 0  9995
2 43039   0.0221 169.5921 0002143 209.7219  77.3609  1.00271003 12187
SBIRS GEO-3 (USA 282)   
1 43162U 18009A   21089.84673293 -.00000305  00000-0  00000-0 0  9995
2 43162   4.4033 317.1134 0001810  64.7094 250.4205  1.00271181 11744
AL YAH 3                
1 43174U 18012A   21089.81506630 -.00000164  00000-0  00000-0 0  9992
2 43174   0.0185 253.6199 0002120 123.2326  84.8715  1.00270129 11753
SES-14                  
1 43175U 18012B   21089.81577139 -.00000287  00000-0  00000+0 0  9990
2 43175   0.0215 200.5564 0001043 159.7393  74.2861  1.00270227 11963
GOES 17                 
1 43226U 18022A   21089.71989192  .00000089  00000-0  00000-0 0  9993
2 43226   0.0517 298.9022 0000695 113.4826 257.8705  1.00272327 11313
HISPASAT 30W-6          
1 43228U 18023A   21089.81305987 -.00000225  00000-0  00000-0 0  9994
2 43228   0.0523  31.2639 0006253   3.5533  56.2741  1.00270375 11372
SUPERBIRD 8             
1 43271U 18033A   21089.85135644 -.00000101  00000-0  00000-0 0  9991
2 43271   0.0190 240.4022 0001104 177.5826 238.9431  1.00271258 10956
HYLAS 4                 
1 43272U 18033B   21089.81236198 -.00000242  00000-0  00000-0 0  9990
2 43272   0.0654 122.0807 0001680  23.7863 301.4897  1.00269728 10984
IRNSS-1I                
1 43286U 18035A   21089.11222900  .00000114  00000-0  00000-0 0  9993
2 43286  28.9208 104.6414 0019881 188.6435 349.8780  1.00271239 10977
USA 283                 
1 43339U 18036A   21089.59859064 -.00000326  00000-0  00000+0 0  9997
2 43339   0.0190  14.8754 0000539 352.0122 170.9007  1.00272117  6219
COSMOS 2526             
1 43432U 18037A   21089.77275687 -.00000354  00000-0  00000-0 0  9997
2 43432   0.0101 175.6266 0000540 269.8054 149.1812  1.00272228 10872
APSTAR 6C               
1 43450U 18041A   21089.77397818 -.00000327  00000-0  00000+0 0  9992
2 43450   0.0061 242.2431 0001309  70.0263 288.6984  1.00268817 10744
BANGABANDHUSAT-1        
1 43463U 18044A   21089.84840986 -.00000372  00000-0  00000-0 0  9997
2 43463   0.0076 202.7381 0002634 182.5437 227.6724  1.00269769 10611
SES-12                  
1 43488U 18049A   21089.62262388 -.00000278  00000-0  00000-0 0  9994
2 43488   0.0424  62.1711 0001691 245.6440 199.5389  1.00270159 10335
FENGYUN 2H              
1 43491U 18050A   21089.81577365 -.00000138  00000-0  00000-0 0  9990
2 43491   0.0876 162.9433 0003288 320.1753  78.2050  1.00272615 10348
BEIDOU IGSO-7           
1 43539U 18057A   21087.89383007 -.00000141  00000-0  00000-0 0  9998
2 43539  55.0551 179.6817 0036877 219.7358 220.2837  1.00293901 10046
TELSTAR 19V             
1 43562U 18059A   21089.51933660 -.00000289  00000-0  00000+0 0  9995
2 43562   0.0102 194.3299 0001221 270.9195 206.8326  1.00271105 10062
TELKOM 4 (MERAH PUTIH)  
1 43587U 18064A   21089.85396435 -.00000353  00000-0  00000-0 0  9991
2 43587   0.0144 255.0101 0001294 125.6859 223.1567  1.00271546  9779
TELSTAR 18V (APSTAR 5C) 
1 43611U 18069A   21089.55946510 -.00000303  00000-0  00000-0 0  9991
2 43611   0.0201 181.4266 0002137 203.2692 142.8609  1.00267536  9532
AZERSPACE 2 (IS-38)     
1 43632U 18074A   21089.82806444  .00000127  00000-0  00000-0 0  9994
2 43632   0.0197 155.1749 0001562 228.3759 148.0576  1.00271259  9398
HORIZONS 3E             
1 43633U 18074B   21089.85275222 -.00000040  00000-0  00000-0 0  9997
2 43633   0.0035 255.1797 0000925  62.7747 346.4622  1.00269588  9245
AEHF-4 (USA 288)        
1 43651U 18079A   21089.78907000  .00000116  00000-0  00000+0 0  9992
2 43651   3.2962 312.0738 0003132  92.3475 277.9330  1.00271253  9197
BEIDOU-3 G1             
1 43683U 18085A   21089.84699464 -.00000288  00000-0  00000-0 0  9995
2 43683   1.1881 236.6702 0002718  56.3512 340.3837  1.00270734  8977
GSAT-29                 
1 43698U 18089A   21089.82998362  .00000076  00000-0  00000-0 0  9996
2 43698   0.0573  91.7518 0001231 258.4674 192.0497  1.00273441  8698
ES'HAIL 2               
1 43700U 18090A   21089.87827267  .00000135  00000-0  00000-0 0  9998
2 43700   0.0184 165.1570 0002763 247.0973 118.1733  1.00271377  8587
GEO-KOMPSAT-2A          
1 43823U 18100A   21089.77284411 -.00000353  00000-0  00000-0 0  9996
2 43823   0.0465 336.1473 0001337 350.2332 268.4524  1.00270028  8522
GSAT-11                 
1 43824U 18100B   21089.83364753 -.00000086  00000-0  00000-0 0  9995
2 43824   0.0383 243.5951 0006389 193.4482 125.4979  1.00270629  8410
GSAT-7A                 
1 43864U 18105A   21089.75975873  .00000017  00000-0  00000-0 0  9999
2 43864   0.0095 204.0733 0002015 179.4771 141.1024  1.00273834  8373
COSMOS 2533             
1 43867U 18107A   21089.76124174 -.00000048  00000-0  00000-0 0  9990
2 43867   0.0235 118.6608 0000524 331.4811  82.2546  1.00271832  8326
TJS-3                   
1 43874U 18110A   21089.91158786 -.00000219  00000-0  00000-0 0  9995
2 43874   0.0390 305.9156 0003228 127.8047 170.7370  1.00271463  8325
TJS-3 AKM               
1 43917U 18110C   21089.86774074  .00000048  00000-0  00000-0 0  9990
2 43917   0.4858 278.2789 0002098 286.8449 354.6214  1.00270098  8262
CHINASAT 2D (ZX 2D)     
1 43920U 19001A   21089.77319306 -.00000347  00000-0  00000-0 0  9990
2 43920   0.0150 252.5723 0002190 199.3394 144.7771  1.00267213 34989
HELLAS-SAT 4 & SGS-1    
1 44034U 19007A   21089.82479924  .00000143  00000-0  00000-0 0  9995
2 44034   0.0726 124.3443 0003529   8.5837  31.3815  1.00271224  8269
GSAT-31                 
1 44035U 19007B   21089.82858785  .00000116  00000-0  00000-0 0  9992
2 44035   0.0140 157.6973 0003077 172.6334 204.2572  1.00271665  7887
NUSANTARA SATU          
1 44048U 19009A   21089.84812870 -.00000244  00000-0  00000-0 0  9998
2 44048   0.0199 147.6790 0001858 223.9867 268.0939  1.00271077  7665
CHINASAT 6C (ZX 6C)     
1 44067U 19012A   21089.77319306 -.00000346  00000-0  00000-0 0  9994
2 44067   0.0445 268.8805 0002175  30.2645 297.5560  1.00268480  7637
WGS 10 (USA 291)        
1 44071U 19014A   21089.59788676  .00000038  00000-0  00000-0 0  9998
2 44071   0.0115 140.2024 0000449 276.3728  47.1447  1.00271964  7543
TIANLIAN 2-01           
1 44076U 19017A   21089.95674141 -.00000148  00000-0  00000-0 0  9990
2 44076   1.3213 283.7106 0030253 217.2210 112.0760  1.00273770  7515
ARABSAT-6A              
1 44186U 19021A   21089.87827267  .00000145  00000-0  00000-0 0  9993
2 44186   0.0612 328.5180 0002403  29.5247 177.1182  1.00279448  7075
BEIDOU-3 IGSO-1         
1 44204U 19023A   21089.74476064 -.00000203  00000-0  00000-0 0  9993
2 44204  55.9099  57.7702 0015917 206.2445 305.8032  1.00263052  7262
BEIDOU-2 G8             
1 44231U 19027A   21089.84786699 -.00000256  00000-0  00000-0 0  9994
2 44231   0.3745 321.7968 0005518 249.0596  67.3495  1.00274144  6974
YAMAL 601               
1 44307U 19031A   21089.90059185  .00000110  00000-0  00000-0 0  9991
2 44307   0.0027 181.2527 0002308 192.5179 187.9318  1.00273370  6839
AT&T T-16               
1 44333U 19034A   21089.83313260 -.00000124  00000-0  00000-0 0  9998
2 44333   0.0130 248.3060 0000814 286.6674 212.5142  1.00269831  6540
EUTELSAT 7C             
1 44334U 19034B   21089.60508948  .00000039  00000-0  00000-0 0  9997
2 44334   0.0149 226.3158 0003102 132.0877  54.6067  1.00270438  7005
BEIDOU-3 IGSO-2         
1 44337U 19035A   21087.89326295 -.00000122  00000-0  00000-0 0  9997
2 44337  55.0860 175.7201 0017538 191.5907 246.4857  1.00256618  6580
COSMOS 2539             
1 44457U 19048A   21089.89317681  .00000072  00000-0  00000-0 0  9998
2 44457   0.0158 149.1216 0000634 329.6270  43.2889  1.00273920  6134
EDRS-C                  
1 44475U 19049A   21089.39120169  .00000146  00000-0  00000+0 0  9998
2 44475   0.0860 276.5595 0000764  87.9592 355.4759  1.00270685  6098
INTELSAT 39 (IS-39)     
1 44476U 19049B   21089.75958425  .00000025  00000-0  00000-0 0  9990
2 44476   0.0199 224.0077 0001140 296.6371   3.1004  1.00270559  6067
AMOS-17                 
1 44479U 19050A   21089.83591098  .00000100  00000-0  00000-0 0  9997
2 44479   0.0183 164.6672 0001443 228.4699 113.2160  1.00273681  6105
AEHF-5 (USA 292)        
1 44481U 19051A   21089.81924497  .00000068  00000-0  00000-0 0  9995
2 44481   5.3635 306.4575 0003861  60.7917 170.6245  1.00275064  6177
EUTELSAT 5 WEST B       
1 44624U 19067A   21089.81803233 -.00000051  00000-0  00000-0 0  9998
2 44624   0.0631  13.6408 0003946  47.4069  56.8343  1.00271050  5365
MEV-1                   
1 44625U 19067B   21088.44975218 -.00000210  00000-0  00000-0 0  9997
2 44625   0.0202 148.1919 0001170 236.3816 296.9096  1.00274612 72472
TJS-4                   
1 44637U 19070A   21089.83539226 -.00000179  00000-0  00000-0 0  9997
2 44637   0.0557 307.1705 0003184  80.1569 185.3057  1.00273570  5460
BEIDOU-3 IGSO-3         
1 44709U 19073A   21089.10749388 -.00000136  00000-0  00000-0 0  9995
2 44709  57.9718 300.9697 0019183 189.1790 200.1597  1.00251082  5350
TIBA-1                  
1 44800U 19080A   21089.82614524  .00000147  00000-0  00000+0 0  9997
2 44800   0.0637  23.4269 0002083 355.8721 142.0072  1.00271203  4987
INMARSAT GX5            
1 44801U 19080B   21089.82126003  .00000066  00000-0  00000-0 0  9999
2 44801   0.0582 356.8982 0002008  33.7466 104.4182  1.00273313  5010
JCSAT-18 (KACIFIC 1)    
1 44868U 19091A   21089.84891383 -.00000210  00000-0  00000-0 0  9998
2 44868   0.0157 197.7165 0000914 223.1236 223.1982  1.00268902  4924
ELEKTRO-L 3             
1 44903U 19095A   21089.81577365 -.00000106  00000-0  00000+0 0  9993
2 44903   0.0249 199.7006 0001601 237.2779 121.1859  1.00269316  4610
SHIJIAN-20 (SJ-20)      
1 44910U 19097A   21089.91158786 -.00000215  00000-0  00000-0 0  9998
2 44910   0.7894  94.6034 0009061 326.0112 183.5419  1.00270229  4609
TJS-5                   
1 44978U 20002A   21089.85458417  .00000033  00000-0  00000-0 0  9994
2 44978   0.0484  82.4088 0002181   2.4554 229.6650  1.00272345  4606
GSAT-30                 
1 45026U 20005A   21089.69206366 -.00000174  00000-0  00000-0 0  9995
2 45026   0.0217 131.5684 0003763 294.1304  94.7283  1.00270986  4425
EUTELSAT KONNECT        
1 45027U 20005B   21089.82047493  .00000041  00000-0  00000-0 0  9997
2 45027   0.0458 107.4203 0000951 300.0563  83.5147  1.00271205  5243
JCSAT-17                
1 45245U 20013A   21089.05676756 -.00000329  00000-0  00000-0 0  9993
2 45245   6.6010 344.1590 0003703  16.3239 343.5843  1.00271353  4138
GEO-KOMPSAT-2B          
1 45246U 20013B   21089.84250837 -.00000353  00000-0  00000-0 0  9996
2 45246   0.0397  47.3792 0002071   9.4465 203.1593  1.00269458  4161
BEIDOU-3 G2             
1 45344U 20017A   21089.69145301 -.00000152  00000-0  00000-0 0  9998
2 45344   2.5365 334.4148 0003139  74.5871 108.2117  1.00271145  4171
AEHF-6 (USA 298)        
1 45465U 20022B   21089.58493799 -.00000177  00000-0  00000-0 0  9990
2 45465   6.9500 306.6939 0003884  58.3714 299.4516  1.00273399  3916
BEIDOU-3 G3             
1 45807U 20040A   21089.91289213 -.00000366  00000-0  00000-0 0  9991
2 45807   2.4668 298.4045 0008741  14.4137 314.8911  1.00272266  2986
APSTAR 6D               
1 45863U 20045A   21089.77397819 -.00000327  00000-0  00000-0 0  9991
2 45863   0.0308 111.6744 0003056 300.0719 189.2398  1.00271513  2762
KOREASAT 116            
1 45920U 20048A   21089.89700723 -.00000371  00000-0  00000-0 0  9992
2 45920   0.0196 226.9341 0001061 149.5693 251.1066  1.00272785  2544
2020-053A               
1 45985U 20053A   21089.91010058 -.00000290  00000-0  00000-0 0  9997
2 45985   0.0478 337.8369 0000193  26.0007 248.8158  1.00269166  2547
2020-053B               
1 45986U 20053B   21089.90678560 -.00000146  00000-0  00000-0 0  9995
2 45986   0.0412 317.6593 0001764 174.1600 103.1179  1.00274326  2540
BSAT-4B                 
1 46112U 20056A   21089.90535356 -.00000359  00000-0  00000-0 0  9991
2 46112   0.0677 131.7541 0002350 315.2154 177.2858  1.00272085  2295
MEV-2                   
1 46113U 20056B   21089.81881743 -.00000021  00000-0  00000+0 0  9991
2 46113   0.0095 186.5057 0001828 234.1078  61.5485  1.00266657  2944
GALAXY 30 (G-30)        
1 46114U 20056C   21089.65053937  .00000028  00000-0  00000-0 0  9997
2 46114   0.0016 185.4843 0002220 182.4894 289.4710  1.00271954  2316
GAOFEN 13               
1 46610U 20071A   21089.84254560 -.00000373  00000-0  00000-0 0  9995
2 46610   1.5954 279.8827 0004522 236.1095  93.5694  1.00269601  1816
TIANTONG-1 2            
1 46916U 20082A   21089.91577091 -.00000370  00000-0  00000-0 0  9998
2 46916   5.1729 299.0996 0002212 123.1883 220.8134  1.00270884  1550
LUCAS (JDRS-1)          
1 47202U 20089A   21089.50813083 -.00000243  00000-0  00000-0 0  9992
2 47202   0.0120 154.6395 0003100 215.9365  91.1733  1.00268730  1303
SXM-7                   
1 47240U 20096A   21089.65245856 -.00000037  00000-0  00000-0 0  9996
2 47240   0.0678  84.6223 0001690 356.7435 226.4502  1.00314330  1225
CMS-01                  
1 47256U 20099A   21089.23915167 -.00000174  00000-0  00000-0 0  9991
2 47256   0.0505 104.3367 0005625 189.6185  63.0001  1.00271289  1096
TIANTONG-1 3            
1 47321U 21003A   21089.70952094 -.00000170  00000-0  00000+0 0  9997
2 47321   5.3857 309.6743 0001449 102.0945 113.4954  1.00271776   871
TJS-6                   
1 47613U 21010A   21089.85467140  .00000033  00000-0  00000+0 0  9995
2 47613   0.9059 282.3172 0001846  73.7650 318.5872  1.00271966   734
